1111111111111010111111111011111011111111111110111111101111100111
1111111111111011111111111011111011111111111111100111111111111110
1111110111111011111111111011111011011111111111011111101111101101
1111110111111110101011111111111011111111111110111011111101110111
1111001111111011111111111111111011111111000110111111111110101111
1111111111111011111111111010111011101111111111011111101101101101
1111111110111110111101111011111011101111111111111111111101110111
1111111111111011111101011100111011111111001110111111110110111111
1111111011111011111110111010111011111111111110111111111100110111
1111111111111011111111111011101111101111111110101111101111111110
1111111011111011111111111011111011111111111111100111111100101111
1111111111111011111111111010111011001111111110111111111100110111
1111101111111111111011111110111111011011011111111111101110101111
1111111111111011111111111011101111111001011111111111101110101111
1111111111111011111111111011111011111110101111111001100111101111
1111111111111011111101111010111011111111111111000111111111111111
1111111111111011111111111011111011101111111110111111111101110111
1111111111111011111111111010111111111111001110111111110110111111
1111111011110011111011111110111011111111111111000111101111111110
1111111111111011111111110011111011111111111111111111101111111100
1111111011110011111011111110111011111111111111000111111111111110
1111111111011011111111111011111011111110111111011111111100110111
1111111111110011111111111011111011111111101111011100111110101111
1111111111111111111101111010111011101111111010111001101111101111
1111111111111011111111111011111011111111011111111111101101011111
1111111111111011111101111011111111101111111110111111111101110111
1111111111111011111101111111001101111111111110111011101101011011
1111111111111011111111111010111011111111111111000111111111111111
1111111111111011111111111011111011111110101111011111111111101101
1111111111111111011011111110111111011011011111111111101111010111
1111111111111011111111111011111011111011111111010011111101110111
1111111111111011111101111010111011111111111111111111111100110111
1111111111111011111111111011111011111111111111000111111111111111
1111111111110011111111111011111011111111101111111111111100110111
1111111111110011111010111110111001111111111111000111111111111111
1111111111111011111111111011111011111101111010111111111110101111
1111111111111011111101111010111011111111111011111111111100110111
1111111111111011111111111011111011111111111010111111111110101111
1111110111111011111111111011111110101111111111011111111101110111
1111111011011111111101111011101011111111001110111011111110011111
1111111111111011111101111110111101101111111010111111111101110111
1111111111111011111111111010111011101111111111111111101110101111
1111111111111011111111111111111001111111100110111111101111111110
0111111111111011111111111011111011001111111110111111111100110111
1111111111111011111011110111111001111111101111111111101110101111
1111111111111011111011111110111111011011011111111111101110101110
1111111111111011111101111011101011101111111111011111101111101101
1111111111111011111101111111111111101111111111111111101101011111
1111111101111011111111111011101011101111111110111111111100110111
0111111111111011111100111111001101111111100110111111101111111110
1111111111111001111111111111111011111111111110111011111101111111
1111111111111011111111111011111011111111111111100111101111111111
1111101011111011111111111111111011111111111111010011111100110110
1111111111111011111111111011111011111110101111111111111100010111
1111111111111110101011111111111110101111111111111111101100011111
1111111011011111111111111011111011111111101111011101111111011111
1111111111111011111111111011111011111111100110111111101111111110
1111111111111011111111111011111011011111111111011111101101110011
1010110111111011111101111111001101111111111111111111111111101111
1111111011110011111001111110111011111111111111000111111111111111
1111111111111011111101111011111011111111111110111111101110101111
1111111111111011111101111111111111101111011111101111101111010111
1111110111111011111111111011111011111111100110111111101111111110
1111111111111011111111111011111011111111111110111111111111110111
1111111111111011111111111011111011111111111111111111100101011111
1111111111111011111111111011111011111111111111110111111100101111
1111111111111011011111111010111011111111111111000111111111101010
1111111111111011011111111011111111001111111110111011111111110111
1111111111111011111111111010111011111111111011111111111100110111
1111101111111111111111111011111011011111111111011111101111101101
1111111111111011111111111011111011111111100110111111101111111111
1111111111111011101111011100111111111111001110111111110110111111
1111101111111111111011111011111011111110101111111111111100110111
1111111111101011111111111010111011111111100111111111101111111111
1111111111111010101111111110111111011111111110111111101111011101
1111111111111011111111111011111011001111111110111111111100110111
1111111111111111011011111110111111011011011111111111101111010111
1111111111111011111101101011111011101111111110111111111101110111
1111111111111011111111111011111001111111111010111001111110101111
1111111111111011110111011011111011111111111110111111101110101111
1111111111111011111111111011111011111111111110111111101110101111
1111111111111011111111111011111001111111101111111111101110101111
1111111111111011101111111011111011111111111111100111111100101111
1111111011011111111111111011111011111111111110111111101111111110
1111101111111011111111111011111011111111111111111011111101110111
1011111111111011111111111011111011111001011111111111101110101111
1111111111111001111111111011111011111111111111111111101101011111
1111111111111011111111111010111011111111111111000111111111111110
1111111111111011111111111011111011111111111111111111101101011111
1111111111110011111011111110111011111111111111000111111111111111
1111111111111011111111111010111011111111111011111111111100110111
1111111111111011111111111111111011010101101111100111101111111110
1111101111111110101011111111111011111111100110111111101111111111
1111111111111011111111111010111011101111100110111111111110101111
1111111111111011111111110011111011111111100111110111111111111110
1111111011011111111111111011111011111111101111011111101111101101
1111111111111011111111111010111001111111111011111111111100110111
1111111111111011111111111011111011001111111110111011111101110111
1111111111111011111101111011111011111110111111000111111111011111
1111111111111011111011111110111111011011011111111111101110101111
1111111111111011111111111011111011111110101111111111111101110111
1111111111111011111111111011111010111111100110111111101111111110
1111111111111011111111111011111001111111101111111111101110101111
1111111111111011111111111011111011111111111011111111111100110111
1111111111111011111111111011111011111111111111111111001101010111
1111111111111110111101111010111111011011011111111111101101011111
1111111011011111110111111011111011111111101111011101011111101111
1111110101111010111111111011111011101111111111111111101101010111
1111111111111011111111111010111011111111111111000111111101111111
1111111111111011111111111011101111101101111111011111111101110111
1111111111111011111101111011111011111111111101111111101111101101
1111111111111011111111111011111011111111111111000011111111111110
1111111111111000111111111011111011101111111111111111101101011111
1111111110111011111111111111111111101111111111111111101101011011
1111111111111011110111011011111011111111111110111111101110101111
1111111011011011111111011010111011111101111111111011111101110111
1101111111110011111101111011111011111111111111111011111101111111
1111111111111011111111111011111011111111011010111001101111101111
1111111111111011111111111010111011101111111111111111101111101101
1111111111111011111101111111111111101111111111111111101110101111
1111011111111110111111111011111011111111111110111111101111111110
1111111111111011111101111011111111101111111110111111111101110111
1111111111111111111111011011111011111111111110111111111100110111
1111101111111111111111111011111011111101111110111011111101110111
1111101111111110101001111111111011111111011111101111101110101111
1111111111111010111111111011111011111110001110111111101111101101
1111110111111011111111111011111011111111111111100111111100101111
1111111111111011111111111010111011111111111111000111111111111111
1111111111111011111111111011111011111111111111111111101101011111
1111111111111011111111011010111011111110101111111111101100110111
1111111111111110101011111111111011111111111110111011111101111111
1111111111110011111111111011111011111111101111100111111100101111
1111111111111011111101111011111011111111111111111011111101110111
1111111011110011111011111110111011111111111111000111111111111010
1110111111111001111111111011111011111111111111000011111111111110
1111111111111011111111111011111011101111111111111111101101011111
1111111111111110111101111011111011101111111110111111101111111110
1111111111111011111111111011111011111111111111100111111100110111
1111111111111011111111111011111011111011111110111111111111110111
1111111111111011111111110011111011111111100111011101111110101110
1111101111111111111111011011111011111111111110111111111100110111
1111111111111011111111110011111011111111100110111111111110101111
1111111111111011111111111010111011111111111111000111111111111111
1111110111111001111111111011111011101111111010111111111110101111
1111111111111011111111111011111011111010111110111111111111110111
1111111111111111111101111011111111101111111110111111111101110111
1111111111111011111111111011111011111111111110111111111101110111
1111111111111011111111111111111011010101101110111011111101110111
1111101111111011111111111011111011101110111111111111111001011111
1111111111111011111111111010111111111111111010111011111101110111
1111111111111011111111111010111011111111111101000011111100110110
1111111111111011101111111011111011111111111110111111101111111110
1110111111111111111111011011111011111111111011111111111100110111
1111111111111010111111101001111011111111111010101111111111111110
1111111111111011111111111011101101101111111111011111111101110111
1111111111111011111111111011111011111111111110111110101111011101
1111111111111011111111110011111011111111100111111111101110111111
1111111111111011111101111111111111101111111111111111101101011111
1111111010011111111111111001111011111111101111011101111111011111
1111111111111011111111111011101111101011111111100111111100111111
1111111011011111111111111011111001111111111010111001111101110111
1111111111111011111111111011110111101111111110111111111101110111
1111111111111011111101111111111011111111111110111111111100110111
1111111111110011111011111110111011111111111111000111111111111110
1111111111111111111111011001111011111111111110111111101111101101
1111111111111111101111011100111111111111101011111111101111101101
1111101111111111111101111111111111101111111110111111111101110111
1111111111111011111111111011111011111111111011111101111100110111
1111111111111011111111111111111011010101101111111111001101011111
1111111111111011111111111010111011111111101111000111111111111110
1111111111111011111111111011111001101111111010111001111101110111
1111111111111111111111111011111011001111111110111111111100111111
1111111111111011111111111011111011111111111111100111101111111110
1111111111111011101111111011111011111111111111111111101101011111
1111111111111111111101111111111011101111111110111111111101110111
1111111111111011111111111011111011111001011111111111101110101111
1111111110111010111111111011111011111111111110111111101111111110
1111111111111011111111110011111011111111100111111111101111111111
1111111111111011111111111011110011111111111111111111101101010111
1111111111111011111111111011111011111111111100111111111100110111
1111111111111011111111111011101111101111111111011111111111101101
1111111111111010111111111011111011111111111010111111111110101111
1111111111111011111111111011111011111110111111011101111110101111
1111111111111011111111111010111011111111101111011101111110110111
1110111010011111111111111011111011111111111111111011111101110111
1111111111111011111111111010111011111111111111000111111111111111
1110111011011111111111111110111011111111111111000111111111111111
1111111111111011111111111011111001111111011111111111101101011111
1111110111111110101011111111111011111111111110111011101100011111
1111111111111011111111111011111011111110111110111111111111111110
1111101111111011101111111011111011011111111110011011111101110111
1111111011011111111111111011111011111111101111011101100111101111
1111111111111011111011111011111011111011111110111111111111110111
1111111111111011111101111011101011101111111110111111111011111110
1111010111111011111111111010111011111111111111000111111111111111
1111110111111011111111111011111011101111111010111111111110110111
1111111011111011111111111011111011111111100110111111101111111110
1111111111111011111111111011111011111111111000111011111110101111
1111111111110011111011111110111011111111111111001111111110101111
1111111111111011111111111011111011111111111110111011100111101111
