1111111111111011111111111011111011111111100110111111101111111111
1111111111111011111111111011111011111111101111000111111111111111
1101101111111111111101111111111111101111111110111111111101111111
1111101111111111111101111111111111101111111111111111101111101101
1111111111111110111111111011111011101111111110111111111111111110
1111111111111011111111111011111011111111111111100111111100100111
1111111111111011111111111011111011111111111111111111101101011111
1111011111111110111111111011101101101111111110011111111101110111
1111111111111011111111111010111010111111111111000111111111111111
1111111111111111111101111011111111101111111110111111101110111110
1111101111111111111101111111111111101111111111000111111111111110
1111111111111011111111111011111011111111111111111111001101110111
1111111111111011111111111011111011111111111111111111101101011111
1111111111111111111101111111111011101111111110111111111101110111
1111111111111011111111111011111011111111111111100111101111111111
1111111111111011111111111010111011111111111111000111101110101111
1111111111111011111101111011111011111111101111111111101110101111
1110111111111011111101111111111111101111111111000111111111111110
1111111111111011111111111011111011111110101111011111101101011111
1111111111111011111111111011110111101111111110011111111101110111
1111111111111011111101111111111111101111111111111111101111110111
1111111111111110101011111111111011111111111110111011111101111111
1111111111111010111111111011111011111111111110111111101111110110
1111111111111001111111111011111011111111111011111111111100110111
1111111111111011111111111010111011111111111111000111111110111111
1111111111111011111001111011111111111111111111111111100101011111
1111111111111001111111111010111111111111001110111111110110111111
1111111111111001111111111011111011111111111111110111111100101111
1111111111111011111110111111111111101111011111101111101111010111
1111111111111011111111111011111011111111111110111111101110101111
1111110111111011101111111011111011111111111111111111101101011111
1111111111111011111111111011111011111111111111111111100101011111
1111111111111011101111111011111011111111111111111111101101011111
1111111111111011111111111001111011111111111011111101111100110111
1111111111111011111101111111111111101111111111111111101101011110
1111111111111111111101111011111011111111111110111111101110101111
1111111111111011111111111011110111101111111110111111111101110111
1111111111111011111111110011111011111111100111111111101111111111
1111111111111011111111111011111011111110111111011101111101110111
1111111111111011111111111011111011000111111110111111111100111111
1111011111111110111111111111111011111111111110111011111101111111
1111111111111001111111111011111011111011111111111111101101011111
1111111111111011111111111011011011111111100110111111101111111111
1111111111111011111111111011111011111111111111100111111111111110
1111111111111011111111111011111011111110101111011111111111101101
1111111011011111111111111011011011111011111110111111111111110111
1111101111111111111101111111111111101111111110001111111111101101
1111111111111011111111111010111011111111111111111111111100110111
1111111111111011111111111011111011111111111111000111111111111111
1111111111111011111111111011111011111111111111100111101111111111
1111111111111001111111111011111011101111111111011111101111101101
1111111111111011111111111111111101111111100110111111111111110111
1111101111111111111101111111111011111111111110111110101111011101
1111111111111111111101111011111011111111111111000011111111111110
1111111111111011111111111011111011111110101111111111111101110111
1111111111101011111111111011101011111110101111111111111101110111
1111111111111011111111111011111011111111111110111111101110101111
1111111111111011111111111011111011111011111111111111101101011111
1111111011111111111101111011111111101111111110111111111101110011
1111101111111011111111111011111011111111111111100111111100110111
1111111111111011111011110111111001111111101111111111101110110111
0111111111111011111101111011111011111110111111011101111110101111
1111111011011111111111111011111011111111111110111111101110111110
1111111111111011111111111011110011111110111110111111111101110111
1111111111111011111111111010111011111111111111000111111111111111
1111111111111011111111111011111011111111111110111111111100101111
1111111111111011111111111011111011111111111110111111101010101110
1111111111111011111111111010111011111110111111000111111111111111
1111111111111011111111111011111011111111111110111111111101110111
1111111111111011111101111111111001111111100110111111101111111110
1111111111111011111101111011111111101111111110111111111101110111
1111111111111111111101111111111011101111111110111111111101110111
1111111111111011111111111011111111101111111111111111101101111111
1111111111111011111011111011111011111011111110111111111111110111
1111111111111011111111111011111001111111101111111111101110111111
1111111111111011111111111011111011111110111111000111111111111111
1111111111111011111111111011111011111110111111011101111110101111
1111111111111010111111111011111011111111111110111111101110101111
1111111111111011101101111011111011111111111110111111101111011110
1111111111111111101111111111111011111111111110111111101111111110
1111111111110011011111110011111011111111101111111111111100110111
1111111111111111111111111011111011001111111110111111111100111111
1111111111111011111111111011111011111111111110111111101111110111
1111101111111111111111111011111011111111011111111111101101011111
1110111011011101111111111111111011111111111110111011111101111111
1111111111111011101111111011111011111111111110110111111111111111
1111111111111011111111111010111011111111111111000111111111111111
1111111111111011111111111111111001111111100110111111101011111110
1111111111111111111111010011111011111111111111011111111101110111
1111111111111011111111111111111111101111111111111110001110101111
1111111111111011111101111111111111111011111110111111111111110111
1111111111111011111111110011111011111111100111111111101111111111
1111111111111011111101111010111011111111111111000111111111111111
1111111111111011111111111010111011111111111111111111001101010111
1111111011011111111111111011111011111111111110111111101111111110
1111111111111011111111111011111001111111101111111111101101011111
1111111111111011011101111011111111001111111110111011111111110111
1111111111111011111110111011111011111111111111111111101101011111
1111111011011111111111111011111001111111111010111111111110101111
1111111111111111111101111011111111101111111110111111111101110111
1111110111111011111110111011111011111111100110111111101101011111
1111111111111011111111111011111011111111111111100111101111111110
1111111111111011111111111011111011101111111111111111111101110111
1111111111111011111111111011111011111111111111111111001101011011
1111111111111011111111110011111011111111100110111111101110111111
1111101111111011111101111011111011111111111101111111101111101101
1111111111111011111111111011101111111011011111111111111111110111
1111111111111011111111111111111011111111111110000111111111111111
1111111111111011111111111011111011111111111111100111111100101111
1101111111111110101011111111111011111110100110111111101111111111
1111111110111011111111111111111111111111111110111111101111111110
1111101111111111111101111111011111101111111110111111111101110111
1111111111101011111111111011111011111111111111110111111100101111
1111111111111011111101101111111111101110111111111111101110101111
1111111111111110101011111111111011111111111110111011111101111111
1110111111111111111111011011111011111111111110111011111101111111
1111111111111110101011111111111011111111111110111011111100101111
1111111111111011111111111010111011111111101111011101111110110111
1111111111111011111111111111111011111111111110111111111100110111
1111111111111011101111111111111011111111100111111111101111111111
1111111111111011111101111111111111101101111111111111001101010111
1111111111111001111111111111111011111111111110111011101101011111
1111111111111011111101111011111111101111111110111111111101110111
1111111111111011111111111010111011111111100111111111101111111111
1111111111111011111101111111110111001111111111111111101101011111
1111111111111011111111110011111011111011111110111111111111110111
1111111111111011111111111010111111111111111010111011111101111110
1111111110111011111111111011101111101111111111011111111111101101
1111111111111011111101111011111011111111111111111111101101011111
1111111111111111011011111110110111111111011111111111101101111111
1111111111111011111101111111111111101111111111111111101101010111
1111111111111011111011111011110011111111111011111101111100110111
1111111111111011111011111011111011111110111110111111111111111110
1111111111111110101011111111111011111111111110111011111101111111
1111111111111011111011111011111011111011111110111111111111110111
1110111111111011111111111011101111101111111111011111111101110111
1111111111111011011111111011111011111111111010111111111110101111
1111111111111111111101111011111111101111111110111111111101101100
1111111111111011111111111011111011111111100011111111101111111111
1111111111111011111101111011111001111011101111111111101110101111
1110111111111011111011110111111001111111101111111111101111110111
1111111111111011111111111011101111101011111111100111111100111111
1111111111111011111111111011111011111111111111111111111111111111
1111111111110011111111111010111011111111111111000111111111111111
1111111111111011111101111111111111001111111111111101101101011111
1111111111111011111111111011111011101111111110111111111100111111
1111111111111011111101111011111011111111111110111111111100110111
1111111111111011111111111011111011111011111110111111111101110111
1110111011011111111111111110111011111110111111001011101111010111
1111111111111011111011111011111011111011111110111111111111110111
1111111111111011111111111011111011111111100111111111101111111111
1111111111111011011111111011111111101111111110111111111101110111
0111111111111011111111111011111011111111111110111111111111110101
1111111111111011111101111011111111101111111110111111111101110111
1111111111111011111111111011111011111111100110111111101111111110
1111111111111011111111111010111011111111111011111111111100110101
1111111111111011111101111111111111101111111011111111101101011111
1111111111011011111111111011111011111011111111010011111101110111
1111111101111011111111111011111011111111100110111111101111111111
1111111111111011111111111010101001111111111111000111111101110111
1111111111111011111111111011111001111111101111111111101110101111
1111111111111011111111111011111011111111100110111111101110101111
1101111111111011111111111010111011111111111110111111111101110111
1110111111111011111111111011111011111111111111000111111111111111
1111111111111011111101111111111111101111111111111111101101011111
1111111111111011111111111011111011111111111111100111101111111110
1111111110111110111110111011111011111111111110111111011111110111
1111111111111011111111111010111011101110111110111111111111111110
1111111111111111111101111111111011101111111110111111111101110111
1111111111111011111111111010111011111111111110111111111101110111
1111111111111111111101111011111011111111111111100111111100101111
1111111111111001111111111011111011111111111110111111111101110111
1111111111111111111101111111111111101111111110111111111101110111
1110111111111011111111111011111011111111111111110111111100101111
1111111111111011111111110011111011111111100111111111101111111111
1111111111111011111111111011111011111111111110111111101111111110
1111111111111011111111111011111011111111100110111111101111111110
1111011111111110111111111011111011111111111111111111111101110111
1111111111111011111111110011111011111011111110111111111111110111
1111111111111011011111111011111011111111111010111111111110101111
1111111111111011111111111011111011111111111111100111111100110111
1111111111111011111111111011111011111111111111100111101111111111
1111111111011011101111111011111011111111111110111111101111111110
1111111111111011101111111011111011111111111111111111101101011111
1111111111111011111111111010111011111111111111000111111111111111
1111111111111011111111111011111011111111111111111111101101011111
1111111111111011111111111011111011101111110110111111111101110111
1111111111111011111111111010111011111101111111000111111111111111
1111101111111111111111111011111010011111111111011111111111110111
1111101111111011111111111011111011111111111111111011111101110111
1111111111111011111101111111111111101111111111111111101101011111
1111111111111011111111111010111011111111111111000111111111111111
1111111111111011111111111011111011111011111110111111111011110111
1111111111111011111111111011111011111111111111100111111111111110
1111111111111011111011111011111011111011111110111111111111110111
1111111111111001111111111011111011111111111111111111101101011111
1011111111111011111111111011111011111110111111100111111111111111
1111111111111011111101111110111011111111111011111110111100110111
1111111111111011111101111111111011111011111110111111111111110111
1111110111111011101111111011111011101111111111111111101101011111
