1111101010111111111101111111111101111111011111101111110101111111
1111111001111011111111111011101111111111111111111111101111101111
1101111011111011111101111011111101101111111111111111101111101101
1111111001111111111101111111111011111111111110011101110111101111
1111011111111011111101111110111101101111011111111111111111101111
1111111001111001101111111011111101101111111111111111101111101111
1110011111111011111101111111111101101111111111111111101111101111
1111111011111011111111011111111111000111111111111111111111101111
1111111011111011111111111011111101111111001111011111111111101111
1111101111110111111101111111111111000111111111111111111111101111
1111111011111011111101111011111101111111111111111111111111101111
1111101111110111111101111111111111000111111111111111110101111111
1111111001111111111101111111111111000111111111111111111111101111
1111111011111110111101111111111011111111111111111111111101011111
1111101011011111111101011111111111101111111111101111111111101111
1111111111111011111101111110111101101111110111111111101111101111
1111111111111011111101111111111101101111111111111111111111101111
1111101111110111111001111111111111000111111111111111111111101111
1111111001111011111111111011111101111111111111111111111111101111
1111111011111110111101111111111111000111111111111111111111101111
1111011111111011111101111111111101101111111111111111101111101111
1111111001111001111111011011111101111111111111111111111110101111
1111101111110111111101101111111111000111111111111111101111101111
1111111111111011111101111110111101101111111111111111101111101111
1111101111110111111101111111111111000111111111111111111011101111
1111111001111011111111111011101111111011111111010111111111101101
1111111111111011111111111011111111111111011111111111110101111111
1111111011111010111111011011011100101111111111111111111111101111
1111111111111011111111111011111111101111111111111111111111101111
1111101111111011111101111110111101111111111111111111101011101111
1011011111111011111101111111111011111111111111111111111101011111
1111111011111011111101111011011111111111011111111111101111101111
1111111110111001101111111011111101101111111111111011100111101111
1101101111111111111101111111101101101111111111111111111111101111
1111111011111010111111011111111111101111111111101111111111101111
1111111011111011111111011011111111010111111111111111111111101111
1111111011110111111110011111111111000111111111111111111111101111
1111111111111001101111111011111101101111111111111111111111101111
1111101111101111111110111111111111000111111111111111101111101111
1111111011110111111110111111111111000111111111111111111111101111
1111111011110111111110111011111111101111111111111111110101111111
1111111111111010111111011011111111101111111111111111110111111111
1111101111111111001111111011111101101111111111111111111111101101
1111111011111010111111011111101011111111111111111111101111101111
1011111110111111001101011111111111111111111111111111111111101111
1111101010111111111101111111111111000111111111111111111101101111
1111111011111110111101111111011011111111111111111111110101111111
1111101111111111111101111111111101101111111111111111101111101111
1111101111111111110110011111111111000111111111111111101111101111
1111111111101101011110101111111111000111111111111111111111101111
1111111011111011111111111011111111101111111111111111110101111111
1111111011111110111111111111011101000111111111111111111111101111
1111101111110111111101111111111011111111111110111111111111101111
1111111011111110111011011111101011111111111111111111101111101111
1111011111110111111111111011111101111111011111111111110101111111
1111111011111011111111011111111111101111111111111111101111101111
1110101111110111111101111111111111000111111111111111110011111111
1111111101101101011110101111111111101111111111111111111111101111
1111111001111011111111111011111101111111111111111111111111101111
1110111101111111111101111001011111000111101111111111111111101111
1111011111111011111001111111111111000111111111111110111111101111
1111111011111011111011111011111101101101111111011111101111101111
1101111011111011111111011011111111010111001111111111111111101111
1111111001111011111111111111111111000111111111111111110101111111
1111111111111111111101111111001101101111111111111111101111101111
1111111011111111111111011011111111101111111111101111001111101111
1111101111101110111110101111111011111111111110111111101111111111
1111011111110111111111111011111101111111011111111111110101110111
1111111111111011111101111111111101101111111111111111101111111111
1101111011111011111111011011101011111111111111111011111111101111
1111111001111111111101101111111111111111011111111111110101111111
1111111001111011111111111001111111101111111111111111111111101111
1111011111111001011101111011111111101111111111111111101111101111
1111111111111011111101111101111101101101111111111111101111101111
1111111001111011111111111011111101111111111111111111111111101111
1111111111111011111111111011111111101111111101111111110101111111
1111111001111011111111101111111111101111111111011111011101111111
1111011111111011111101111110111101111111011111111111110101111111
1111111011111011111101110011111101101111111111101111101111101111
0111111001111011111110111111111111000111111111111111111111101111
1111011111111011111111111011111111101111111111111111110101011111
1111111011111100111111111111011101101111111111110111111111101111
1111111001111011111111111110111101101111111111111111101111101111
1111111111111111111101111111001101101111111010111111111111101111
1011111001111011111111111011111101111111011111111111110101011111
1111111011111011111111011111111101101111111101111111111111101111
1111111111110111111101111111111111000111111111111111111111101111
1111101111111111111110111101111111000111111111111111111111101111
1111111111100111111111111011111111101111111111111111111111101111
1101111011110011111111111111111101111111111111111111101111101111
1111011111110111011100111111111011111110111111111111110111101111
1111101111111111111101111111111111000111111111111111111111101111
1111111111100111111101111101111111010111111111111111111111101111
1111101111110011111111111011111111101111111111111111110101011111
1111101111110111111101111111111111000111111111111111110111101111
1111101111101111111110111111111111100111111101111111111111101111
1111011111110111111110111111111111000111111111011111011101111111
1111111011111011111110101111111111101111111111111111111111101111
1111111011111011111101111011111101101111111111111111110101111111
1111111111111111111110111111111111000111111101111111111111101111
1111101111101111111110111111111111000111111111111111111111101111
1111111011111011111111111011111111101111011111111111101111101111
1111101111110111111101111101111111010111111111101111110101111111
1101111011110011111101111111111101111111111111111111111111101111
1111011111111011111101111111111001111111111111111111111111101111
1111111001111011111111111011111101111111011111111111101111101111
1111011111111011111101111111111101101111111111111111101110101111
1111011111110111111100111011110111101111111111111111101111101111
1111111001111011111111111011111101111111111111111111111101111111
1111011111111010111101111111111101101111111111111111111111101111
1111111111111001101011111011011101101111111111111111101111111101
1111111001111111111101111110110101101111111111111111111111101111
1111111111111001111111111011111101101111111111111111011111101111
1111111011111010111111011011111111101111111111111111111111101111
1111111001111011111110111011111111000111111111111111111111101111
1111111001111011111111111011111101101111111111111111101110101111
1111101111101111111101111011011111111101111111111111101111101111
1111011111110111111111111011111101111111111111111111111111101111
1111011111111011111101111111111111000111111111111111111111111111
1111111111100111111101111101011101101111111111111111111111101111
1111111111100111111111111101111101101111111111111111110101111111
1111111111111011111111101011111111101111111111111111110101111101
1111101111111111111110111111111111000111111111111111111111101111
1101101111111110111101111111111011111111111111111111111101011111
1111111011111011111101111011111101101111111111111111110101111111
1111111111111011111101111110111101101111111111111111101111101111
1111111110111111111111111011111111101111111111111111111111101111
1111111011111011111111011111101011111111111111111111101111101111
1110111111110111111110111111111111000111111111111111111111101111
1111111011111011111111111011111101111111011111111110111111101111
1111111111111011111111111011111101110111111111111111111111101111
1111011111111011111101111110111100101111011111111111111111101111
1111111111111001011101111011111111100110111111111111111111101111
1111111011111110111101011111111111000111111111111111111111101111
1111111001111011111111111011011101101111111111111111101111101111
1111111111101011111101111111111011111111111111111111110101111111
1111111001111011111111111011111101111111111111111111111111111101
1111111001111011111111111111111111000111111011111111111111101111
1111111111000101111111111101111101101111111111111111111101101111
1111111111111111011110101011111111111111011111111111111111101101
1111111111111111011110111101011101101111101111111111111111111111
1111111111111010111111011011111101101111111111111111101111101111
1111111011110111111110111111111111001111111111111111101111101111
1111101011111111111101111111111101101111111111111111101111101111
1111111011111011111101111011111111101111111111111111111111101111
1111111101111111111101111011011111111101111111111111101111101111
1111111111110111111110101111111111101111111111011111011101111111
1111111011111011111101111111111111000111111111111111111111101111
1111111111111011111101011011111111010111111110111111101111101111
1110111011111011111111111011111101111111011111111110111111101111
1111011111111011111101111111111101101111111111111111111111101111
1111111001111011111111111111111111000111111111111111111111101111
1111111011101111111111011111101011110111111111111111101111101111
1111111011111011111111111001111101111111011111111110111111101111
1101111011111011111111111110111101101111111111111111101111101111
1111011111100011111101111011111101101111111111111111101111101111
1110111111111011111101111111111101111111111111111111111101011111
1111111111111011111111111011111101111111011101111111110101111111
1111111111100111111101101111101011111111111111111111101111101111
1111101111110111111101111011011111111101111111111111101111101111
1111111001111011111111111111111111000111111111111111111111101111
1111111011111011111101111111111111000111111111111111111111101111
1111111011111011111111011111111111000111111111111111111111101111
1111111011111110111101011111111011111111111110111111101111111111
1111101111110111111110101111111111101111111111011111011111101111
1111111111111011111101111110111101101111111111111111101111101111
1111111111111011110111111011111111101111111111111111110101011111
1111111111111010111101011011111111101111111111111111111111101111
1111111111111011111101111111111111111111011111111111110101111111
1111111011111011111111111011111101101101111111111111110101111111
1111111111111111111101111111001101101111111111111111111111101111
1111111011111111111111110011111101111011011111111111110101111111
1111111011111011111111011111111111000111111111101111111111101111
1111011101111011111101111111111101101111111111111111111111101111
0111101111101111111110111111111111000111111111011111110101111011
1111101111111111001101011101111101101111111111111111111111101111
1111111111111011111101111101111101101111111111111111100111001111
1111111111111011111101111110111101000111111111111111111111101111
1111111001101011111111111111111111101111110111011111011101011111
1111011111111011111101111110111101101111011111111111111111101111
1111011111101101011110101111111111000111111111111111111111101111
1111101111101110111110101111111111101111111111111011111111101111
1111111011111110111101011111111011111111111111111111101111001111
1111101011111111111101111111111101101111111111111111110111101111
1101111011110011111101111111111111000111111111111111111111101111
1111111111100111111111111101111111101111110111111111111111101011
1111101111111111001101011101111111101111111111111111111111101111
1111011111111011011110101111111111111111011111111111110101111011
1111111111111001101111111011111101101111111111111111111111101111
1111111101111111111101111011011101101111111111110111111111101111
1111111011111011111111011111101010111111111111101111101111101111
1011111111111011111101111111111101101111111111111111111011101111
1111111001111111111101111111111011111111111110111111110101111111
1111111001110111111110111101111111000111111111111111111111101111
1101101111111111111101111111111101101111111111111111010101011111
1111101111011111111110111111111111000111111111111111110111101111
1111111001111011111111011011111111010111011111111111111111101111
1111111011111011111111011111101011111111111101111111101111101111
1111111101111111111111111111111111000111111111111111111111101111
1111101011111111111101111111111101101111111111111111110101101111
