1111111011111011111111110011011111111101111111111111101111101111
1111111111111011111011111011111101111111111111111110111111101111
1111111001111011111111111111111111000111111111111111111111111111
1111111001111011111111111011111101111111111111111111111111101111
1111111001111011111111101111111111101101111111011111111111101111
1011111111111011111101111111111111111111011111111111110101111111
1111111011111011111111011011111111010111111111111011111101111111
1111101011111011111011111111111111101111110111111111110101111111
1111101111110111111101111111111011111111111111111110111110101111
1110111111111011111101111111111101000111101111110111110111101111
1111011111111011111101111111111111011111111111111111110101111111
1111101111111111001101011101111111101111111111111111111111101111
1111111111111001101111111011111101101111111111111111111111101111
1111111111111011111111111111001101101111111010111111111111101111
1111111011111011111111111011111011101111111111111111110101111111
1111111011111011111111111011111101101111111111111111111111101111
1111101111110111111101111101111111101111111111111111111110101111
1111111011111011111101111111111101101111111111111111110101111111
1111011111111011111101101011111111101111111111111111111111101111
1111111101111111111101111011011111111101111111111111111111111101
1111111111111010111111011111111111000111111111111111111111101111
1111111111111011111111111001111101111111111111111111111111101111
1111111110111111111111111011111111101111111111111111111111101111
1111111011111011111111011111111111101111111111111111111111101111
1111111111100111111111111011101111111111111111111111101111101111
1111101111111011111111011011111111101111111111111111111111101111
1111111011111011111111111011111111111111011111111111110101110111
1111011111110101111111111011111101111111111111111111111111101111
1111101111111111111110110111111111000111111111111111100101111111
1111111011110111111110111011111101111111011101111111110101110111
1111111001111011111111111111111111000111111111111111110100111111
1111101111111111011110111111111111000111111101111111111111101111
1111111111111001101111111011111101110111111111111111111111101111
1111111111111011111111111011111111101111111101111110111111101111
1111011111111011111101111111111111000111111110111111111111111111
1111111111111011111101111110111101101111111111111111101111101111
1111111111111110111101011111111011111111111111111111111101011111
1111111111111011111111011111111111101111111111111111101111101111
1111111001111011111111111001111111101111111111111111111111101111
1111011111111010111101111111111101101111111111111111101111101111
1111011111111111111111111011111111101111111111111110111111101111
1111111011111011111110101111111111101111111111111111101111101111
1111011111111010111101111111111101101111111111111111111111101111
1111111111100111111101111101111111101111111111111111111111101111
1111110011111111111111111011111111101111111111111111111111101111
1111011111111011111111111011111111101111111111111111111111101111
1111111111111001111111111011111101101111111111111111110101101111
1111111110111111111111111011111111101111111111111111111111101111
1111111111110111111110111111111111000111111111111111111111101111
1111011111111011111111011011111111101111111111111111111111101111
1111111101111111111101111011011111111101111111111111111101111111
1111111111111011111111111011111101110111011111111111110101111111
1111111011111011011111111011011101111111111111111111111111101111
1111011111111011011101111001111111101111111111111111111111101111
1111101111110111111101111111111011111111111110111111111111101111
1111111101111111111101111011011101101111111111110111111111101111
1111111011111011111111111011110101111111011111111111111111101011
1101111011110011111101111111110101111111111111111111111111101111
1111111011111011111010101111111111101111111111111111101111101111
1111101111111111111101111111111111000111111111111111111111101111
1111111101111111111101111011011111111111111111111111111111101111
1011111111111010111111011011111111101111011111111111111111101111
1111111111101011111101111111111011101111111111111111111111101111
1111111011111011111111011110111111000111111111111111111111101111
1111111111110111111101111111111111000111111111111111111111101111
1111111011110011111111111011111101111111111111111111111111101111
1111111011111011111101111110111111111111011111111111110101111111
1111111011111111111111111011111111101111011111111111101111101111
1011011111111011111001111111111111000111111111111110011111101111
1011011111111011111101111111111101111111111111111111111111101111
1111101111111111111110111111111111000111111111111111111101011111
1111111001111011111111101111111111101111111111011111011111101111
1011111110111111001101011111111111111111111111111111111111101111
1111111110111111111111111011111101111111111111111111111111101111
1111111111111111011110111101011101111111111111111111111111101111
1111111111111011111101111111111111111111011111111111110111101111
1111111111111110011111011001111111101111111111111111110111111111
1111111111111011111111111011111111111111011111111111110101111111
1111011111111011111101111111111001001111111111101111111111101111
1111111110111111111111111011111111101111111111111111101110101111
1111111111100111111111111101111101101111011101111111110101111111
1011111110111111001101011111111111111111111111111111111111101111
1111101111111111111101111111111101001111111111111111101111101111
1111111111100111111101111101111111111111111111111111111111101111
1111111111111011111101111011111101111111111111111111111111101111
1111101111111111111101111111110111000111111111111111111111111111
1111011111111011111101111111111101101111111111111111111111101101
1111111011110111111111111011111101111111011111111111110101110111
1110111011111011111101111111111101101111111111111111111111101111
1111111111100111111101111101111111010111111111111111111111101111
1111111111111011111111111111111111001111111111111111111111101111
1111111110111111111111101011111111101111111111111111111111001111
1111101111111111111101111111111111000111111111111111101111101111
1101111011110011111101111111111101111111111111111111111111101111
1101111001110011111111011111111111000111111111111111011111101111
1111011101111011111101111111111111000111111101111111111111101111
1111111111111111111101111111001101101111111111111111111111101111
1111111011111011111110111111111111000111111111111111111111101111
1111111111111010111111011011111101111111111111111111111111101111
1111111111111011111101111111111101101111111101111111111111101111
1111101111111111111101111111111101101111111111111111101111101111
1011111110111111001101011111111111111111111111111111111111101111
1111011111111011111101111011011101101111111111110111111111101111
1111111001111011111111111011111101111111111111111111111111101111
1111111111111011111111111011111101111111011101111111110101111111
1111111111111011111111111011111111101111111101111111111111101111
1011111111111011111101111111111101001111111111111111111111101111
1111111011111011111111011011111111010111111111111111111111111101
1111011111111011111111111011111111101111111111111111111111101111
1111011111111111111101111101111101101101111111111111101111101111
1111111111011011111101111111111111101111111110111111110101111111
1111111011111011111111111011111111101111111111111111111111101111
1111111001111011111111111111111111000111111111111111101111101111
1111111111111011111111111011111111111111011111111111110101101111
1111111001111011111111111111111011111111111110111111110101111111
1101111111111111111110111111111101101111011111111111101111101111
1111011110101011011110111011111111000111111111111111110111101111
1110111111111011111101111100111101001111111111111111101111101111
1111111001111011111111111111111111000111111111111111111111101111
1111101001111011111111111011111101111111011111111110111111101111
1011111011111110111101111111111011100111111111111111111111101111
1111111111100111111101111111111101101111111111111111111111101111
1111111111111011111111111011111101111111111111111111111101111111
1111111111100111111101111111111111000111111111110111111111111111
1111111001111111111101111111111111010111111111111111111111001111
1101101111111111111101111111100111101111111111111111101101101111
1111111011111110111101111111111011111111111111111111111101011111
1111111111111110111101111111111111000111111111111111111111101111
1111111011101011111110101111111111101111111110011111011101111111
1111111011111011111111011111111101101111111101111111111111101111
1011111111100111111111111011111111101111111111111111111111101111
1111111011111011111101111111111101111111111111111111111101011111
1111111001111011111111111011111101111111011101111111110101111111
1111111001111111111101111111111111000111111111111111111111111111
1111110111111010111111011011111111010111011111111111111111101111
1110111111111011111101111011111101111111111111111111111111101111
1111101111111111111001111111111101101111111111101111101111101111
1111111001111011111111111010111101111111111111111111111111111111
1111011111111011111101111111111111111111011111111111110101111111
1111111001111011011101111111111101101111111111111111111111101111
1111101111100111111101111111111111101111111101111111111111101111
1111011001111011111111111111111111000111111011111111111011101111
1111111011111011111111011111111111101111111111111111101111101111
1111111011111011111111011111101011111111111111111111110101111111
1011111111111011111101111111111111000111111111111111111111101111
1111011111111011111101111111111111111111111111111110111111101111
1111111011111011111101111010111111101111111111111111111111101111
1111111111111111011110101011111111111111011111111111110101111111
1111101111101111111110111111111111000111111111111111111111101111
1111101111101111111110111111111111100111111101111111111111101111
1111101011111111111101111111111101101111111111111110111111101111
1111111011111011111111111011111001111111111111111111111111101111
1111111001111011111111011111111111101111111111101111111111101111
1111111101111111111111111111111111000111111111111111111111101111
1111011111111011111101111111111101101111111111111111101111101011
1111101111111011111111111011111101111111111111111111111111101111
1111111111111111111101111111111001111111111111111111111111101111
1111111011111011111111011111111101111111111111111111111111101111
1111111011111011111111111011111101111111111111111111111111101111
1111111111111111001110101011111111111111011111111111111111101111
1111111111111010111101011011111111101111111111111111111111101111
1111111001111011111111111011111101111111111111111111111011101111
1111111111111011111101111111111101101111111111111111110101111111
1111011111111011111101111111111111000111111111111101111111101111
1111111111111111011110111101101111111111111111111111101111101111
1111111111111011111111111011111101111111011101111111110101111111
1111111001111110111101111111111111000111111111111111111111101111
1110111011111011111101111011111101111111111111111111111101011111
1111111101111111111111111111111111000111111111111111111111101111
1111111111100111111101111101111110010111111110111111101111111111
1111111111111111111111011011111111101111111111111111110111111111
1111111011111011111111011111111111101111111111101111111111101111
1111111111111010111101011011111101110111111111111111111111101111
1111111111111011111100111111111011111111111111111111111101011111
1111111001111011111110111111111111000101111101111111111111101111
1111111111111011111110111111111111000111111101111111111111101111
1111111001111111111101111111111111001111111111111111111111101111
1110111111110111111110111111111111000111111111111111111111111111
1111111110100111111111111011101111111111111111111111101111101111
1111111011111110111101111111111011111111111111111111111101011111
1111111111111011111101111011011111111111011111111111101111101111
1111111101111011111101111111111101101111111011111111101111111111
1111111111111011111111101011111101111111111111111111111111101111
1111111101111111111101111011011101101111111111111111111111101111
1111111011111011111111011111111111111111111111111111111101011111
1111111111111011111111111011111101110111101011111111111111101111
1111011111111010111110111111111111000111111101111111111111101111
1111111111111011111111111011111111111111011111111111110101111111
1111011111111011111111111011111101111111111111111111111101111111
1110111111110111111111111111111111000111111111111111111111101111
1111111011111011111111111011011101111111011111111110111111101111
1111111011111010111111011011111111101111111111111111111101011111
1111111111111011111111111011111111101111111101111111111110111111
1111111111111001101111111011111101101111111111111111101111101111
1111111111100111111101111011111111101111111111111111111111101111
1111111001111011111101111101111111010111111111111111111111101111
1111111001111111110101101111111111111111011111111111111111101111
1111011101111011111101011111111111101111111111111111101111101111
1111011111110111111111111011111101111111111111111110111110101111
1111101111111111011101111111111101101111111111111111101111101111
