1111111111111011111111111111111111111111011111111111101111111101
1111111111111011111101111111111111111111111110111111111101110111
1111111111111111111101111110111111111111101110111111111101110111
1111111110111111111111111111111111111111111110111111111101111111
1111111111111111111101111111111111101111111111111111111101110111
1111111111111011111111111111111111101111111110111111111101111111
1111011110101011111111111111111111111111111111100111111111111111
1111111111111111101111011111111011111111111110111111101111110111
1111111111111111101111111111111011111111111110111111101001111111
1111111111111011111111111011111111111111110110111111101111111111
1101111111111111111101111111111101101111111110111111111101111111
1111111111111011111101111011111111101111111111111111101111111110
1111101111111011111111111111111111111111111111111111101111111101
1111111111111111101101111111111111111111111110111111111111111110
1111111111111011111111111011111011111111111111100111101111111111
1111111111111011111111111111111111111111111111111111101111110111
1111111111111011111111111111111011111111111110110111111101110111
1111111111111011111111111011111011111111111111111111111111111111
1111111111111111111111111111111111101111111110111111111101111111
1111111111111011111101111111111111111111111110111111111111110111
1111111111111111111111111010111011111111111111111111101111110111
1111111111111010111111111011111111101111111111111111111111111110
1111111111111111111101111111111111101111101111111111101111111111
1111111111111011110111111011111111011111111110110111110111111111
1111111111111111111101111111111111111111111110111111111101111111
0111111111101011111111111011110111101111111110111111111101111111
0111111111110011111101111111111111101111011111111111111101111111
1111111111111111111101111111111110101111111111111111111111111110
1111111111111011111111111111111011111111111110111111111111110111
1111111111111011111101111011111011111111111111111111111101110111
1111111111101011111111111011111011111111111111111111101111110111
1111111111111111111101111111111011111011111110111111111111111111
1111111111111011111101111111111111101111111110111111111111111111
1111111111111011111101111111111111111111111111111111111111110111
1111111111111011111111111111111111111011111110111111111111111111
1111111111111111111111111111111111111111110110111111101111111111
1111111111111011111111111111111111111111111111111111101111110111
1111111111111011111111111111111111111111111110111111101111111111
1111111111111011111111111111111011111110111111100111101111111111
1111111111111111111101101111111011001111111111111111101101111111
1111111111111011111111111011111011111111111111111111101111111111
1111111111111011111111111011111011111101111110111111111111110111
1111111111111111111101111111111111111111111111111111111111110111
1111111111111011111111111011111111101111101111111111101111110110
1111111111111011111111110111111111111111111111111111101111111101
1111111110111111111111111111111111111111111110111111101111111111
1111111111111011111111111011111111111111111111111111101111110111
1111111111111111111101111111111111111111111111011111110101110111
1111111111111011111111111011111011111111111111111111111111110111
1111111111111111111101111111111111111111111111111111101111111101
1111111111111011110111111011110111111111111111111111101111111101
1111111111111111111101111111111111111111111111111111101111111101
1111110111111111111111110011111011110110111111111111111111111111
1111101111111111111111111111111011111111111111111111111101110111
1111111111111111111111111011111011111111111110111111111111110111
1111111111111011111111111011111111111011111110111111111111110111
1111111111111011111111111111111111101111111111111111111111101110
1111111111111011111101111111111111111111111110111111111111111111
1111111111111011101111111011111111101111110111111111101111110111
1111111111111011111101111111111011111111111111111111111111110111
1111111101111111111111111011111011111110111111111111111111111111
1111111111111011111111111011110111111111111110111111111111110111
1111101111111111111111111111111011101111111110111111111111111111
1111110111111011111111111111111011111111111111100111001111111111
1111111111111011111111111011111011111111111110111111111101111111
1111111111111111111111111011111011111110111111110111111111111110
1111111111111101111101111111111111101111111111111111111101110111
1111111111110011111101111011111111111111111110111111111111111110
1111111111101111111101111111111111111011111110111110111111111111
1111111111111011111111111011111011111111111111111111111101110111
1011101111111111111111111111111011111111111111100111111101111110
1111111111111011111111111011111111101111111111111111101111111110
1111111111111111111111111011111011111111111111011111111111111111
1111111111111111111101101111111111101111111111111111111101111111
1111111111111111111111111111111010111111000111111111101111111111
1111111111111011111111111011111111111111111111011111111101110111
1111111111111011111111111011101111111011011111111111111111110111
1111111110101011111111111111111111111111111110111111101111111110
1111111111111011111110111111111111101111111111111111111111110111
1111111111111011111101111111111111101111111110111111111111110111
1111111111111011111111111011111111101111111111111111111101110111
1111111111111011111110111111111111101111111111111110111111111110
1111101111111011111111111011111111111111111111111111101111110101
1111111111111111111101111111111111111111111110111111101111110111
1111111111111111111101111011111011111111111111111111101111110101
1111111111111011111111111111111111111111111110111111111101111111
1111101111111011111111111011111011111111111111111111111111110111
1111111110111011111111111111111111111111111110111111101111110111
1111101111111011111011111011111111101111111111111110101111111111
1111111111111011111111111111111111101111111111111111111111110011
1111110111111011111111111011111111111111111111111111101111111101
1111111111111011111111111111111111101111111111111101111001110111
1111111111101011111101111111111111111111111111111111111111110111
1111111111111011111101111111111011111111111110110111111111111111
1111111110111011111111111111011111111111111110111111101101111111
1111111111111011111110111111111111101111111111111111101110101111
1111111111111111111111111011101111101111111111111101111101111111
1111111111111111111111111111111111111111111110111011111101111111
1111111111111011111111111011111101111111111111111111101111111101
1111111111111111111101111111111111101111111110111111111101111111
1111111111111111111111111011111111111111111110111111111101111111
1111111111111011111111111001111011111110111111111111111111111111
1111111111111011111101111111111111101111101111111111101111110111
1111111111111011111111111111111011111111111110111111101111111101
1111111111111011111111111011111111111111111110111111111111111110
1111111111111011111111111111111111111111111111111111101111110111
1111111111111011101110111111111111111111111110111110111111111110
1111111101111011111111111011111111111111111111111111101111110111
1111101111111011111111111111111101101111111110111111101101111111
1111111111111011111111111011111111111111111111111111101111111101
1111111111111111111111111011111011111111111111100111111111111110
1111111111111111111111111011111111111111111110111111111101110111
1111111111111111111101111011111110111111011110111111111111110111
1111111111111011111111111011111011111111111111111111111111111111
1111111111111011111111111111111011111111111111100111111111110111
1111111111111111111101111011111111111111111110111111101111110111
1111111111111011111111111011110111111111111110111111111111111110
1111111111111111111101111111111111111011011011111011111111110111
1111111111111111111101111011111011111111111111111110101111111111
1111111111111111111111111111111111101111011111111111101111110111
1111111111111011111111111111111101111111101111111111101111110111
1111111111111111111101111111111111111011111100111110111111111111
1111111110111010111111111011101111101111111111111111111111111110
1111111111111010111101111111111111101111111110111111111101111111
1111111110111011111111111111111111111011111110111111111111111111
1111111110111011111111111111111111111111111110111111101111111110
1111111111111011111111111011111111111111101111110111111111100101
1111111111111011111111111011111111111111111110110111111111111111
1111111111111111111101011111111111111011111010111111111101111011
1111111111111011111111111011111011111111111110111111111101111111
1110111111111111111101011111111111111111111111111110101111110111
1111111111110011111110111011111011111111111111100111111011111110
1111111111111111111101111111111111101111111111111111111101110111
1111111111111111111101111111111111101011111110111111111111110111
1111111111111111111101111111111111101111111110111111111101111111
1111111110111011111111111011111111101111111111111110101011111011
1111011111111011111111111011111111101111111111111111101111111111
1111111110111011111111111111111111111111111110111111101111111011
1111111110111011111111111111111111111111111110111111101111111111
1111111111111111111101111111111011111111111110111111111101111111
1111111111111011111111111111111011111111111100111011111101111111
1111111111111011111111111111111101101111111101111110101111111111
1111111111111011111111111111111011111111111110110111111111111110
1111111111101011111111111011111111101111111111111111101111111111
1111111111111111111111110111111111111111111110111111111111111110
1111111110111011111111111011111111101111111111111111111101110111
1111111111111011111111111111111111111011111110111111111111110111
1111111111111011111101111111111111111011111110111111111011111111
1111111111111010111111111111111111111111111111111101101111110111
1111111110111011111111111111111111101111111111111111111111110011
1111111111110011110101111111111111101111111110111111111101111111
1111111111111111111101111111111111101111111111111111111111111110
1111111110111011111111111111111111111111111111111111111111110011
1111111111111011111111111011111011111111111111111111111111110111
1111111111111011111111111111111011111111111111100111111111111110
1111111111111011111111111111111111111011111110111111111111110111
1111111111111011111111111011110111111111111111111101111110110111
1111111111111011111111111011111011111111111111100111111111111110
1111111111111011111111111111111111111111111110110110111111111111
1111101111111111111111111111111011101111111110111111111111111110
1111101111111011111111111111111110111111111110111111101111110111
1111111111111011111111111011111111111111100111111111101111111111
1111111111111111111111111111111011101111111111111111101111111111
1111101111111011011111111011111111101111111111111111101111111110
1111111110111111111101111111111111101111111110111111111111110111
1111111111111011111111111011111111101111111111111111101111111111
1111111111111011111101111111111111101111111111111111111111110111
1111111111101111111101111111111011101111111110111101111111111111
1111111101111011111101111111111111111111111110110111111111111111
1111111111111011111111101111111111111111111111111111101111111101
1111111110111000111111111111111111111111111111111111111111111111
1111111111111111111101111111111111111111111111111111101111111101
1111111110111011111111111011111111101111111110111111111101111111
1111101111111001011111111111111111101111111111111111101111111111
1111111111111111111111111111111111111111111110111111101111111111
1111111111111011111111111011111011111111111111111111111111111111
1111111111111111111101111110111111101111111111111111111101110111
1111111110111011111111111111111111111111111111111111111111110111
1110111111111111111101111111111111111111111110111110111111111111
1111111111111011111101011111111111101111101111111111101111110111
1111111111111111111111111111111111101111111111111111101101011011
1111111111111011111101111001111011111111111110111111101110111111
1111111111111111111101111011111111111111111110110111111101111011
1111111111111111111101011111111111111011111110111111111101111111
1101101111111111111111111011111011101111111110111111111111111110
1111111111111011111111111101111011111111111111111111111111110111
1111111111111011111101111111111011111111111111111111111101110111
1111111111111111111101111111111111101111111111111111111111111110
1111111110111011111111111111111111111111111111111111101111111110
1111111110111011111111111111111111111111111110111111111101111111
1111111111011011111101111111111111111111111110111111111111111110
1111111111111011111111111111111111101111111111111111111111110111
1111111111111011111111111011101111111011011111111111111111110111
1111111111111111111111111011111111111111111111111111101111111101
1111111110111011111111111111111111111111111011011111111111110011
1111101111111111111111111111111111101111111111111111101101011111
1111111111111111101101111111111111001111111110111111101111111111
1111111111101011111111111011111111101111111111111101111111111111
1111111111111011111111111011111111101111110111111111101111110111
1111101111111111111111111111111011101111111110111111111111111111
