1111111110111111111101111111111111101111111111111111111111111110
1111111111111111111111111011111111011111111110111111111100110111
1111111111111111111111101111111111101111111110111111101111111111
1111101111111111111111111111111011101111111111111111101111111111
1111111111111111111101111111111111101011111110111111111111110111
1111111111111111111111111011111011111111111111111111111111111111
1111111111111111111101111111111011111111111110111011111101111111
1111111110110000111111111111111111111111111111111110111111111111
1111111111111111111101111111111111101111111111111111111101111101
1111111110111011111111111111111111101111111110111111111111110111
1111111111111011111111111011111111011101111110111111111101111111
1111111111111011111111111011111011111111111111111111111101110111
1111111111111011111111111111111111101011111110111111111111111110
1111111111111011111111111111111111111111111110111111101111111111
1111101111111011111111111111111111111111011111100111111111111110
1111111110111111111111111111111111111111111111110111111111111110
1111111111110011111101111011111111111111111111111111111101110111
1111111111111011111111111011111111111111101111111111101111111101
1101111111111011110111111111111111111111111010111111111111111111
1101111111111011111111111111111111111111011111111111111111111111
1111111111111011111110111111111111101111111111111111111111111111
1111111111111011111111111011111011111111111111011110111111111111
1111111111111111111111110011111011111111111111111111111111111111
1111111111111111111101111111111111111111111111111111101111111101
1111111110111011111111111111111111111111111111111111111111101110
1101111110111111111111111111111111111111111110111111111111110111
1111111110111111111111111111111111101111111111111111111101111111
1111111111111111111101111111111111111111111011111111111111110111
1111111110111011111111111011111111111111111111111111101111111101
1111111111111111111101111111111111101111111111111111111101110111
1110101111111111111101011111111111111111111111111110101111110111
1111111111111011111101111111111111111111111111101111111111111110
1111111111111011111111111111111111111111111111111111101111111111
1111111111111011111111111111111111101111111111111011111111110111
1111111110111111111111111111111111111111111110111111111101111111
1111111111111111101111111111111111111111111110111111101111111111
1111111011111011111111111011111111101111111110111111111101111111
1111111111111011111111111111111111111111111110111111101111110011
1111111101111111111111111011111111111111111111111111101111111101
1111111111111011111111111111111111101111111110111111111101111111
1111111111111111111101111111111111111111111111111111111111110111
1111111110111111111111111111111111111111111110111111101111111111
1111111111111111101101011111111111111111111110111111111111110011
1111111111111111111111111011111011111111111110111111111101111111
1111111110111000111111111011110101111111111111111111101111111101
1111111111111111111101111111111111101111111111111111111111111110
1111111111111111111111111011111111111111111110111111111111111110
1111111111111111111101111111111111111111111110111111101111111111
1111111111111011111111111111111111111011111111111111111111110111
1111111111111111111101111111111111101111111111111111101111111101
1111111111111111111101111111111101101111111110111101111111111111
1111111111111011111101111111111111111111111111111101111111111111
1111111111111111111101111111111111111111111111111111101111111101
1111111101111111111111111011111011111110111111111111111111111111
1111111111111011111101111011111011111111111111111111101111111111
1111111111111111111111111111111111111111111110111111111101111111
1111111111111111111101111111111111101111111111111111111101110111
1111111111111011111111111111111111111111111110111111111111111110
1111111110111111111101111111111111111111111110111111111101111111
1111111111111111111111111011111111111111111110111111111111110111
1111111111111011111111110111111111111111111111111111101111110111
1111111110111011111111111111111111111111111111111111111110110011
1111111111111111111101111111111111111111111111111111101111111111
1101111111111011111111111111111111101111111111111111111101111111
1111111110111011111111111111111111111111111110111111111101111111
1111111111111111111101111111111011111011111110111111111111111111
1111111111111011111111111111111101101111111110111111111101111111
1111111111111011111101111011111111101111111111111111111101110111
1011111111111011111101111111111111111111111110111110111111111111
1111111111111011111111111111110111111111111110111111111111111111
1111111111111111111111110111111111101111111111111111101111111111
1111111111111010111101111111111111111111111111111111101111110111
1111111111111111111101101111111111101111111111111111101111111101
1111111111110011101110111111111111111111111110110111111111110111
1111111111011111111101111111111111111111111111111111111111110111
1111111101110111111111111011111011111110111111111111101111111101
1111111111111011111110111111111011111111111110110111111111111110
1111111111111011111111111111111111111111111111111111101111111101
1111111111111011111101111111111111111111111111111111111111111110
1111111111111111111111111011101011111110111111111111111111111111
1111111111111011111111111111111111111011111111111111111111110111
1111111111111011111111111111111011111111111111100111111111111111
1111111111111011111111111111111011111111111111100111111111111110
1111111111111011111111111111111111101111111111111111111111110011
1111111110111011111111111111111111110111111110111111101111111111
1111111111111111111111011011111111111111111110111111111101111111
1111101111111011111111111011111011111111111111011111111111111111
1111101111111011111111111111111111111111111111111111111110110111
1111111111111111111101111110111111111111111111111111101111111111
1111111110111011111111111111111111111111111110111111111111111110
1111111110111111111111111111011111111111111110111111111101111111
1111111110111011111111111111111111111111111111111111101111111101
1111111110111011111111111111111111111111111110111111111111111111
1111111111111011111111111111111011111111111110111111111101111111
1111111111111111111111110111111111111111111110111111111111110111
1111111110111111111111111111111111111111111110111111110101111111
1111111111111111111101111111111111111111111111111111101111111111
1111111111111011111111111111111111111111111110111111101111111111
1111111111111111111111110111111111111111111110111111111101110111
1111111111111011111111111011111011111111111111111111111101110111
1111111111111011111111111111111111111111111111111111101111110111
1111111110111111111110111111111111111111111110111011111101110111
1111111111111011111101111111111111111111111111111111101111110111
1111111111111011111111111111111111111111111110111101111101111111
1111111111111111111111111011111111111111111110111111111111111110
1111111110111011111111111111111111111111111111111111101111110111
1111111111111111111111111111111111111111111111111111101111110111
1111111101111111111101111111111011111111111111110111111111110111
1111111111111001111111111011111011111111111110110111101111011101
1111111111111011111111111111111011111011111110111111111111110111
1111111111111011111101111111111111111111111110110111111111111110
1111111111111011111111111111111111101111111111111111111111110111
1111111111111111111101111111111111111111111110111111111101111111
1111111111111011111111111011111111111111111111111111111111111110
1111101111111011111111111111111111111111111111111111101111110111
1111111111111011111101111111111111111111111110111111111111111111
1111111111111111111101111111111111111111111111111111111111110111
1111111111101011111111111111111111111011111110111111111111110111
1111111111011111111111111011111111111111111110111111111101111110
1111111111111111111101101111111111101111111111111111111101111111
1111111111111011111111011111111110111111111111111111101111110111
1111111111111111111111111111111011101111111111111111111111110111
1111111111111111111111111011111111101111111111111111111111111110
1111111111111110111101111111111111111111111111111111111101111111
1111111111111111111111111011111111111111111111111111101111111101
1111111111111111111101111111111111101111111111111111111111111110
1111111111101011111111011011111111101111111111111101101111111101
1111101111111111111111111111111011101011111110111111111111111111
1111101111111111111111111111111001101111111110111111111111111101
1111011111111010111111111011111111101111111110111111111101111111
1111101111111111111111111111111011101111111110111111111111111110
1111111111111011111111111011111011011110111111111111111101111110
1111111111111011111111111111111111111111111111111111101111110111
1111111111111111111111111111111111111111110110111111101111111111
1111111111111011111111111111111111111111111111111111101111111101
1111111110111011111111111111111111111111111111111111111111110111
1111111111111011111111111111111111111111111110111111101111111111
1111111111111011111111111011111011111111111111111111101111111111
1111111111111011111111111111111111101111111111111111111111110111
1111101111111111101111111111111011101111111111111111111111111110
1111111111111111111111111111111111111111111110111111111101111111
1111111111111111111111110111111111111111111110111111111111111110
1111111111111111111111111111111111111111111110111111111111111110
1111111111111111111101101111111111111111111110111111111101111111
1111111111111011111111111111111011111111111111111111111111111111
1111111111111011111111111111111111111011111110111111111111111111
1110111111111111111101111111111111111111111111111111101111111101
1111111110111011111111111111111111111111111110111111111111111111
1111111110111011110111111111111111111011111110111111111111111111
1111111111111111111101011111111111111111111111111111111111111110
1111111111111011111101111111111111111111111110111111111111111111
1111111111111111111101111111111111101111111111111111111111110011
1111111010111011111111111111111111111111111111111111101111111111
1111111111110101111101111111111111111111111110111111101111111111
1111111111111011111111111111111011111111111110111111111111110111
1111111111111111111111111111111011111111111111111111111101110111
1111111111111111111111111011111111111111111110111111111111111110
1111111111111111111111110111111110111111101100111111101111110111
1111111111111111111101111111111111111111111110111111111101111111
1111111111111111011111111011111011111110111110111111111101111111
1111111111110011111111111111111111111111111110111111111101111111
1111111111111111111101111111111111101111111111111111111101111101
1111111111111011111111111111111011101110111111111111101111111111
1111111111111011111111111011111011111011111110111011111111111111
1111111111111011111111101111111111111111111111111111101111111101
1111111111111011111111111111111111111111111110111111101111111111
1111111111111011111111111011111011111111111111111111101111111111
1111111101011011111111111111111111111111111111111111101011110011
1111111110111011111111111111111111111111111110111110111111111111
1111111111111011111110111111111111101111110111111111111111111110
1111111111111011111111111011111111111111111111111111111111110101
1111011111111111111111111111111111101111111110111111111101111111
1111111101111111111101111111011111101111111111111111111111111101
1111111111111011111111111111111111101111111111111111101110110111
1111111111111011111111101111111101111110111111111111101111111111
1011101111111111110111111111110011101111111110111111111111110111
1111111111111110111101111111111111111111111111111111111111111111
1111111111111011111111111011111111111111111111111111111111110111
1111111110111111111101111111111111101111111110111111101111111101
1111111111111011111101111111111111111111111111111111111111110111
1111111111111011111111111011111111111111111110111111111011111111
1111111111111011111101111111111111111011111110111110111111111111
1111111110111011110101111111111111111111111111111111101111111101
1111111111111111111111111111111111111011111110111111111111111111
1111111111111111111101111111110011111111111110111111111101111111
1111111111111011111111111011111011111111111111111111111111111111
1111111111111011111111111011111011111111111111111111101111111101
1111111111111011111111111111111111111111111111111111101111110111
1111111111111011111101111111111110111111011111111111111111110111
1111111111111011111101111111111111111111111110111111001111110111
1111111111111011111111111011111111001111111111111111100111111111
1111111111111111110111110111111111101111111111111111111111111110
1111111111111111111111111011111101111111111110111111111101110111
1111111111111011111111111011111011111111111111111111111111111111
1111111111111011111101111111111111111111111110111111111111111101
1111111111111011111101111111111111111111111110111111111111110111
1111111111111011111101111111011111111111111110111111101111111111
1111111111111111111111110111111111101111111111111111111111111110
1111111111111111111111111011111111111111111110111111111101110111
1011111111111011111101111111111111111110111111111111111111110111
