1111101111111111111111111011111111111111111111111111111111111011
1111111111111111101111111111111101111111111111110111111111101111
1111111111111111101111111011111111111111111111111111111111111111
1111111111111111111111111111111111111111111111111111111111101111
1111101111111111111111111011111111111111111111111111111111111111
1111111111111110111111111011111111111111111111111101111111101111
1111101111111111111111111111111111111111111011111101111111111111
1111111111111111111111011111111111111111111110111111111111111111
1101111111111111111111111010111111111111111111111100111111111111
1111101111111111111111111111111111111110111111011111111111111111
1111111111111111101111111011111111111111111111111111111011111111
1111111111111111111111111111111111111110111111111111111111111011
1101111111111011111111011111111111111111101111111111111111111111
1111101111101111111111101111111111111111111111111111111111101111
1111111111111111110111101011111111111111111111111101111111111111
1111111011111111101111111011111111111111111111111111111111111111
1111111111111111101111111111111111111111111111111111111111101111
1101101111111111111111110111111111111111111111111101111111111111
1111111111111111101111111111110111111110111111111111111111101111
1111110111111111101111111111111111111111111111111111111111101111
1111111111111111111111111010111111111111111111111101111111111111
1111111011111111101111111111111111111110101111101111111111111111
1111101111111111111111111111111111111111111111111111111111111111
1111111111111111111110111111111111111111111111111001111111111111
1111111011111111101111111111111011111111111111111111111111101111
1111111111111111111111111011111111111111111111111111111111111111
1111111111111111111111111111111101111111111111101101111111111111
1111111111111111111111111010111111111101111111111101111111111011
1111101111111111101111111111111111111111111111111111111111101101
1101101111111111101111111011111111111111111111111111111111111111
1111111111111111101111111111111011111111111111111111111111111111
1101111111011111111111111110111111111111110111111111111111101111
1111111111111111111011111110111111111111111111111111111111111111
1111111111111111111111111111111111111110111111111111111010111111
1111111111101111111111111011111111110111111111111101111111111111
1101111111111111101111111111111111111111111111111111111111101111
1111111111111111111111111111111111011111001011111101111110101111
1111111111101111111111111111111111111111111111111101111111111111
1111111111111111111111111011111110111111111111111111111111111111
1101101111111111101111111011111111111111111111111111111111111111
1111111111111111101111111110111110111111111111111101111111111111
1110111111111111111111111011111111111111111111111101111111111111
1111111111111111111101111010111111111111111111111101111111111111
1111111111111111101111111111111111111110110111111111111111111111
1111111111101111111111111011111111111101111111111111111111101111
1111111110111111101111111111111111111111111111111101111111111011
1111111111111111111111111111111111111111111111101111110111111111
1111111111111111111111111111111111111111111111111101111111111111
1110111111111111111111111011111111111111111111111110111111111011
1111111111111111111011111111111111111110111111111111111111111111
1111111111111111101111111111111111111111111111111111111111101111
1111111111111111101111111111111111111111111111111111101101111111
1111111111111111101111111111111111111110111111111101111101111111
0111101110111111101111111011111111111111111111111101111111111111
1111101111111111111111111111111111111110111111111111111111111111
1111111111111111111111111011111111111111111111111111111111011111
1111101111111111111111111011111111111111111111111101111111111011
1111111111111111111011111110111111111111111111011111111111111111
1111111111111111101111111011101111111111111111111101111101111111
1111101111111111111111111011111111111111111111111111111011101111
1111111111111111101111111111111111111100111111111111111011111111
1111101111111111111111111111111111111110111111111111111111111111
1111111111101111111111111011111111111111111111111111110111111111
1111101111111111111110111111111111111111111111111101111111111011
1111111111111111111111111011111111111111111111111101111101111111
1111111111111111101111111111111111111111111111111111111111101111
1111111111111111110111111011111111111111111111111101111111111111
1111111111111111101111011111111111111111111111111101111111111111
1111111111111111101111111111111111111111111111111111111111111111
1111111111111111101111111111111111111111111111111101111111111111
1111110111101111111111111111111111011111111111111101111111111111
1111111111111111101111111111111111111111111111111111111111111111
1111101111111111111111111111111111111110111111111111110111111111
1111101111111111111111111011111111111111111111110111111111101111
1111111111111111111111110111111111111110111111111111111111111101
1111111011111111111111011011111111111111111111111101111111111111
1111101111111111111111111111111111111110111111111101111101111111
1111111111111111101111111111111111111110111111111111111111111111
1111111111111111111111111111111111111111111111111101101111111111
1111111111111111111111111011111111111111111111111111111111111111
1111111111111111110111111110111111111111111111111101111111111111
1101111111111111101111111111111111110111111111110111111111101111
1111111111111111111111111011011111111110111111111101111111111111
1111111111111111101111111111111111111111111111111111111101111111
1111111111111111101111111011111111111111111111111101111111111111
1111110111101111111111111111111111111111111111111111101101111111
1111111111111111101111111111111111111111111111111111101101111111
1111101111111111101111111111111111111110111111111101111111101111
1111101111111111111111111111111111111111111111111101111111111111
1111111111110111111111111111111111011110111111111111011111111011
1111111111111111111111111010111111111110111111111111111111111111
1111111111111111101111111111111111111111111111111111111111101111
1111111111111111110110111111111111111111111111111001111111111111
1111101111111101111111111111111111111111111111111111111111101111
1111111111111111111111111111111111111110111111111111111111101011
1111111111101111111111111111111111111111111111111101111101111111
1101111111111111101111111111111111111111111111111101111111111111
1111111111111111111111011111111111111111101111111111111111111111
1111111111111111111111011111111111111111101111111111111111111111
1111111111111111111111111011111111111111111111111101111111111111
1111101111111111111111111011111111111111111111111001111111111111
1110101111111111111111111111111111111110111111111101111111101111
1111101111111111111111111111111111111111111111111101111111101111
1111111111111111101111111111011111111111111111110101111111111111
1111111111111111101111111111111111111111111111111111111111101111
1111101111111111111111111011110111111111111111111101111111111111
1111111111111111111111111111111111111101111111111101111111111111
1111101111111111101111111011111111111111111111111111111111111111
1111111111110111111111111011111111111111111111111101111111111111
1111111111111111111111111011111111111100111111111111111111111111
1111111111111111101111111111111111111111111111111101111101111111
1101111111111111111111111111111111111110111111111111111111111111
1111111111111111101111111111111111111111111111111111111111101100
1111111111111101101111111110111111111111111111111111111111100111
1111111111111111101111111011111111111111111111111111101111101111
1111111111111111101111111111111111111111111111111111111111101111
1101111111111111101111111011111111111111101111111101111111111111
1111101111111111111111111111111111111111111111111101111111111111
1111111111111110111111111011111111111111111111111101111111101111
1111111111111111101111111111111111111111111111111001111111111111
1111111110111111111111111010111111111111111111111101111111101111
1111111111111111101111111110111111111111111111111111111111110111
1111111111111111111111111111111111111110111111111101111101111111
1111111111111111101111111111111111111111111111111101111111111101
1111111111111111101111111111111111111111111111111111111111101111
1111111111111111101111111111111111111110111001111111111111111111
1111101111111111111111111011111111111111111111111111111111101011
1011101110111011111111111111111111111110111111111101111101111111
1101111111111111111111111011111111111101111111111111111111111111
1111101111111111111111111111111111111111111111111101111111111110
1111111111011111111111111011111111111111111111111111111111111111
1111111111111111101111111111111111111111111111111111011111111011
1110111111101111111111111011111111111101111111111101111111111111
1111111111111111111111111111111111111110111111111111111111111011
1110111111111111111111111011111111111111111111111111011111111011
1101101111111111111101111111111111111110111111111101111111111011
1111111111111111101111111011111111111111111111111110111111101111
1111111111111111111111111011111111111111111111111111111111111111
1111111111111111111110111111111011011111111111111100111111111111
1111111111111111101111111111111111111111111111101110111101111111
1111111111111111101111111111111111011111111111111101111101111111
1101111111111111111111111011111111111101111111111111111111111111
1111111101111111110111111110111111101111111111111101111111111111
1111111111111111111111111111111111111110111111111111111111111111
1111111111111111111111111011111111101110111110111111111111111111
1111101111111110111111111111111111111111101111111111111101111111
1111101111111111111111111111111111101110111111111111111011111111
1111111111111111111011111110111101111111110101111101111111111111
1111101111111111111111111111111111111111111111111101111111111111
1111101111111111111111111111111111111111111111111101111111111111
1111111111111111101101111111111111111111111111111101111111111111
1111111111111111101111111111111111111111111111111111111111101110
1111111111111111111111111111110111111111111111111101111111111111
1111101111111111111111111111111111111111111111111111111111111110
1111111111111111101111111111111111111111111111111111110111111111
1111111111111111111111111010111111111111111111111111111111101111
1111111111111111100111111111111111111111111111111101111111111111
1111111111111111100111111111111111111111111111101101111111111111
1111111111111111101111111111111111111111111111101101111111101111
1110111111111111111111111111111111111110111111111111111111110111
1111111111111111101111111111111111111111111111111111111111101111
1111110111111111101111111011111111111111111111111101111101111111
1110101111101111111111111011111111111111111111111111111111110111
1111101101111011111111111011111111111111111111111111111111110111
1110111111111111111111111011111111111111111111111111111111111111
1111111111111111111111111111111111111110111111111101111111111111
1111111111111111111111111011111111111111111111111110111101111111
1111111111110111101111111111111111011111111110111101111111111111
1111111111111111101111101111111110011111111111111111111111111011
1111110111101111101111111111111111111111111111111111111111101111
1101111111111111111111111011111111111111111111101111111111101111
1111111111111111111111111011111111111111111111111101111111111111
1111111111101111111111111111111111111111111111111101111011111111
1111111111011111101111111111111111111111111111111111110111011111
1111111111111111101111111111111111111110111111111111111111111011
1111111111111111111111111010111111111111111111111101111111101011
1111111111111111101111111111111111111111111111111111111101111111
1110111111111111111111111011111111111111111111111111111111101111
1111101111111111101111111111111111111111111111111111111111101111
1110111111111111110111111011111111111110111111111111111111111111
1111101111111111111110111111111111111111111111111101111111111011
1111111111111111101111111111111111111110111111111111111111111111
1111101111111111111111111111111111111110111111111111111111111111
1111111111111111111111111011111111111111111111111111111111111111
1111101111111111111111111011111111111111111111111101111111111111
1111101111111111011111111111111111111111111111111111111111111101
1111111111111111111111111010111111111011111111111111111111101111
1111111111111111101111111110111111111111111111111111111111111111
1111111111111111101111111111111111111111111111111101111111111111
1111111111111111101111111111111111111111111111111101111111111111
1111101111111111111111111111111111111110111111111111111111111111
1111111111011011111111011011111111111110111111111111111111101111
1101111111111111101111111110111111111111111111111011111111111111
1111111111111111110111111011111111111111111111111111111111110111
1101101111111111111111111111111111111110111111111101111111101111
1111111111111111110111111011111111111111111111111101111111111111
1111111111011111110111111011111111111111111111111111111111111111
1111111111111111101111111111111111111111111111111001111111011111
1110111111111111111111111011111111111111111111111101111111111111
1111111111111111111101111111111111111111111111111101111111111110
