1111111110111101111111111111111111111111111111011011111111101111
1111111101111111111111011111111111111111011011111111111111101111
1111111111101011111111111011111001111111111111111111111111101111
1111111111111111101011011011101111111111111111111111111111101111
1111111111111011111111111011111111111111111111111111111111101111
1111111111111011111111011111111111111111011110111111111111111111
1111111101111111111111011111111111111111111011111111111111101111
1110111111111111111111111011111111111111111011111111011111111111
1110111111111110111101111011111111111111111111111111111111101111
1111111101111111111111101111111111101010111111111111111111101101
1111111101111111111111111111111111010111111111111111111111101111
1111111111111101111111111111111111101111111111111111111111101111
1111111111111111111111111011111110101111111111111111111111111111
1111111101111111111111111011111111111111111111011111111101111111
1110111111111111111111111111111011101111111111111111111111101111
1111111111111111111111111111111111010111111111111111111111101111
1111111111111111111111111001111111111111111111111111111111101111
1111111110111111111111111111111111111111111111111110111111101111
1111111111111011111101111111111111111111011111111111111111101111
1111111111111111111111111111111111101111111111111111111111101111
1111111111111011111111111011111111101111111111111110111111101111
1111111111111011111111111111111111101110111111111111111111111111
1111011110111111111111111011111111101111111111111111111111101111
1111111111111011111111111011111111111111111111111111111111101111
1111111111011111111111111111111111101111111111111111111111101111
1111011111111111111111111011111101111111111111111111111111101111
1111111111111011111111111011111111101111111111111110111111101111
1111111111111111111111111111111111101111111110111111111111101110
1111111111111011111111111111111111101111111111111111111110101111
1111111111111011111101111011111111111111111111111111111111101111
1111111111111011111111111111111111010111111111111111111111101111
0111111111111011111111111011111111111111111111111110111101101111
1111011111111111111111111011111111101111111111111111111101111111
1111111111111111111111111011111111000111111111111111111111101111
1111111111111011111101111111111111111111111111111111111110101111
1111111011111111111111111111111111111111111111111110111111101111
1111111111111011111101111111111011111111111111111111111111101111
1011101111111111111101111111111111111111111111111111111111101111
1111111111011011111111011111111111111111111111011111111111101110
1111111111111011111101111111111111111111011111111111111111111111
1111111111111011111111111011111111101111111111111111111111101111
1111111101111111111101111011111111111111001111111111111111101111
1111111111111011111101111111111111111111001111111111111111101111
1111111101111101111111011111111111111111111011011111111111111111
1111111111111011111101111111111111111111111111111111111111101111
1111111111111011111111011111111111010111111111111101111111101111
1111111101111111111111110011111101111111111111111111111111101111
1111111111111011111111111001111111011111111111111111111111101111
0111111111111011111111111011111111111111111111111111111111101111
1111111111111011111101111111111111111111111111111111111111101111
1111110111111111111111011111111111001111111111111111111111101111
1111111111111011111111011111111111101111110111111111011111101111
1111111111111011111101111111111111111111111111111111111111101111
1111111111111111111111111111111111111111111111111111111111101111
1111111111111111111111011111111111011111111111111111111111101111
1111111111111111111111111011111111101111111111111111111111101111
1111111111111011111111011011111111111111111111101111111111111111
1111111101111111111111111011101111111111111111111111111111101111
1111011111111111111111111111111011101111111111111111111111101111
1111111111111111111111111111111111010111111011111111111111101111
1111101111111011111111011111111111111111111111111111111101101111
1111111111111011111111111111111111101111011111111111111111101111
1111111111111011111111101011111111111111101111111111111111111111
1111111111111011111111011111111111111111111111111111110111101111
1111111101111111111111011111111111111111111111111111111101011111
1111111111111011111101111111111111111111111111111111111111101101
1111111111111011111001111111111111111111111111111111111111101111
1111111111111011111101111011111111111111111111111111111111101111
1111111011111011111111111111111101111111111111111110111111101111
1111111111111011111111101011111111111111111111111111111111101111
1111111111111011111111111111111111101111111011111111111111101111
1111111101111111111111011111111111111111111011111110111101101111
1111111111111011111111011011111111111111111111111111111111101111
1111111111111111111111111011111111111111111011111111111111111111
1101111111111111111111111011111111111111111011111111011111101111
1111111110111111111101111111111101111111111111111111111011001111
1111111110111111111110111011111111101111111110111111111111101111
1111111111111111111110011011111111101111111111111111111111111111
1111111111111010111101111011111111111111111111111111111111101111
1111111111111011111111111011111111111111111111111111111111101111
1111101101111111111111111111111111111111011111111111101111101111
1111111110111111111111111011111101111011111111111111111111101111
1111111111111001111101111111111111111111111111111110111111101111
1111111111111011111111111011111111111111111111111111111011001111
1111111011111111111111011011111111110111111111111111111111101111
1111111111111011111111011111111111111111111111111111111111101110
1111111010111111111111110111111101111111111111101111111111101111
1111011111111111111111111011111101111111111111101111111111101111
1111111111111111111111111111111111111111011111111111110111111111
1111111101111111111111011111111101111111101111111101111111101111
1111011111111011111111111111111111000111111111111111111111101111
1111111101111111111111111111111111101111111111111111111111101111
1111011111111111111111111011111101111111111111111111111111101111
1111111111111111111111111111111111101111011111111111111111101111
0111111111111111111111011111111111101111011111111111111111011111
1111011111111111111111111011111111101111111111111111111111001011
1111111111111111111111010111111111011111111111111111111111101111
1111111111111011111111111011111111111101111111111111111111101111
1111111110111111111110111101111111111111111111111111111111101111
0111011111111110111101111011111111111111110111111111111101011111
1111111111111111111111111011111111111111011111111111111111101111
1011101111111111111101111111111111111111101111111110111111101111
1011111101111111111111011111111111111111111111111111111111101111
1101111111111011111111011111111111111111110111111111111101101111
1111111101111111111111011111111111011110111111111111111111101111
1111111111111111111101111111111111111111101111111101111111101111
1111111101111011111101111111111111111111011111111111111111011111
1111111111111111111111111011111111111111111111111111111111101111
1111111111111011111111011111111111101110111111111111111111111111
1111111111111111111111111111111111101111011111111111111111101111
1111111111111011111111011111111111111111111011111111111111111111
1111111111111111111111011011111111101111111111111111111111101111
1101111110111111111111111011111111111111111111111111111101111111
1111111111111011111111111101111111010111111111111111111111111110
1111111111111011111101011110111111111111111111111111111111101111
1111111111111111111101111110111111111111011111111111111111111111
1111111111111011111111011111111111111011111111111111111111101111
1111111111111111111110111111111111110111111111111111111111101111
0111111111011011111111011111111111111111111111111111111111111111
1111111111111111111111111111111111101111111111111111111111101111
1111111111111111101111111111111111101111111111111111111111111111
1111111111111111100111111011111011101111111111111111111111101111
1111111111111111111111111111111111101110111111111111111111111111
1111111111111011111111110011111111101111111111111110111111101101
1111111111111111111111111011111111101111111111111111111111101111
1111111111111011111111011111111111111111111111011111111111101111
1111111111111011111111111111111111010111111111111111111111101111
1111011111111011111111011111111111111111111111111111111111101111
1111111111111011111101111011111111111111111111111111111101111111
1111101111101111111111111111111111101111111111111111111111111111
1111111111111010111101111111111111111111111111111111111111101111
1111111111111011111111111011111111111111111111111111111111101111
1011111110111111111111111011111111111111111111111111111111101111
1111111111111111111111111011111111111111111111111111111011101111
1111011111111111111111111011111111101111111111111111111111101111
1111111111111011111101111111111101111111111111111111111111101111
1111111101111111111111111111111101101110111111111111111111111111
1111111110111111111101111111111111111111111111111111111111101111
1111111111111011111101111111111111010111111111111111111111101111
1111111111111011111101111111111111111111111111111111111111101111
1111111111111011111101111111111111111111111111111111111111101111
1111111111111111111111111011111111111111111011111111111111111111
1111111111111011111101111111111111101111011111111111111111101011
1111111111111011111111111011111111111111011111111111111111101111
1111111111111011111101111111111111111111111111111111101111101111
1111101101111111111111111011111111101111111111111111111101011111
1111111111111111111111111011111111011111111011111111111111111111
1111111111111011111111111111111111011111111111111111111111101111
1111111111111011111111111011101111111111111111111111111111101111
1111111111111111111011011011111101111111111111111111111111101111
1111111111111011111101111111111111110111111111111111111111101111
1111111111111011111111011111111111111111011111111111111111111111
1111011111111111111101111011111111111110101111111111111111101111
1111111101111111111110011111111111111111111111111111111111101111
1111111111111011111111111001111111111111111111111110111111101111
1101111110111111111111111110111111111111011111111111111111111111
1111111111111101111111111011111111111111111111111111111111101111
1111111111111011111101111111111111111111111111111111111111101111
1111111111111011111111011101111111111111111011101111111111111111
1111111111111011111111111011111111111111111111111111111111101101
1111111111111011111101111111011011111111111111111111111111101111
1111111110111111111111111011101111101111111101111111111111101111
1111111110111111111110111101111111111111111111111111111111101111
1111111011111111111111111011111111111111111011111111111111111111
1111111111111011111101111011111111111111111111111111111111101111
1111111111111011111111111011111111101111111111111111111111101111
1111111111111011111111011111111111111111111111111111111111101111
1011101111111011111111011111111111111111111111011111111111101111
1111111111111011111111011111111111111111111111111111111111101111
1111111111111011111111111011111111111111111111111111111111101111
1111111111111011111111011111111101111111111111111111111111101111
1111111111111010111111011111111110111111111111111111111101011111
1111111111111011111111011111111111111111111111111111111111101111
1111111111111111111111111111111111111111111111111111111111101111
1111111111111011111111111011111001111111111111111111111111111111
1111111111111010111101111111111111111111011001101111111111111111
1111111111111011111101111111111111111111111111111111111111111111
1111111111111011111101111111111111111111111111111111111111101111
1111111111111011111111011111111111111111111111111111111111101111
1111111111111111111110111101011111111111111111111111111111101111
1111011111111011111101111111111111111111011111111111111111111111
1111101111111011111111101011111111111111111111111111111111111111
1111101110111111111111111011111111101111111111111101111111101111
1111111111111011111111111011111111101111111111011110111111111111
1111111111111111111111011111111111010011111111111111110111101111
1111111111111111111111011111111101011111111111111111111111101111
1111111110111111111111111011111111101111111111111111111111101111
1111111111111011111111111011111111111111111111111111111111101111
1111111111111011111101111111111111111111111111111111111101011111
1111111111111111111111111011101111111111111011111111111111111111
1111111101111111111111111011111111101111011111111111111111101111
1111111111111011111111011111111111111111111111111111111111101110
1111111111111011111111111011111111111111111111111111111111101111
1111111111111011111111111011111111101111111111111111111111101111
1111111111111111111111011111111111011111111111111111111111110111
1111111111111111111110111101111111111111111111111111111111101111
1111011111111111111111111011111101101111111111011111111111101111
1111111111111011111111011111111111111111110111111111111101101111
1111111111111111111101011011110111101111111111111111111111111111
1111111111111011111111111111111111101011111111111111111111101111
