1111111111111011111101111111111110111111110111111111111111101111
1111111011111011111111011111111101111111011110111111111111101111
1111111111111011111111111011111111111111111111111111111111101111
1111101111101011111111011111111111101111111111111111110111101111
1111111101111111111110111011111111111111011111111111111111101111
1111111111111111111111111011111111111111111111111101111111101111
1111111111111011111111111011111111111111111111111111111111101111
1111111111111011111101111111111111111111111011111111111111111111
1111011110111111111111111011111111101111101111111111111111101111
1111111111111111111111111011111111111111111111111111111111111111
1111111111111011111101111011111101101111011111111111111111101111
1111111111111011111111111111111111101111111111111111111111111111
1111111111111111111111111011111111111111111001111111111111101111
1111111111111111111111111111111111010111111111111111111111101111
1111111111111111111110111101111111101111111111111111111111101111
1111111111111011111111011111111111111111011111111111111101101111
1111111111111011111101111111111111111111011111111111111111111111
1111111101111111111101111110111111111111011111111111111111111111
1111111101111111111111111111111111101111111111111111110111101111
1111111111111101111111111011111111111111111111111111111111101111
1111111111111111111111111111110111101111101111111101111110101111
1111111111111011111101111111111111111111111111111111110111101111
1111111111111011111111111011111111111111111111011111111111111111
1111111111111011111101111111111111111111111111111111111111101111
1111111111111111111111111111111111111111011011110111111111111111
1111111111111011111101111011111111101111111111111110111111101111
1111111110111111111110111111111111111111111111111111111111101111
1111111111111111111110011011111111100111111111111111111111100111
1111111111111111111111111011111111111111111111111111101111101111
1111111111111111111111111001111111111111111111111111111111101111
1111111011111101111111111011111111111111111111111111111111101111
1111111111111111111111111011111111111111111111111111111011101111
1111111111111011111111011111111111111111111111101111111111101111
1111111110111111111101111111111111111111111111111111111111110111
1111111111111111111111111001111111111111111111111111111111101111
1111111111111011111111111011111111111111111111111111111111101111
1111111110111111111110101101111111111111111111111111111111101111
1111111111111111111111111011111111111111111111111111111111101111
1111111011111111111111111011111111111111111011111111111111111111
1111111111111011111101111111111111110111111111111111111111101111
1111111111111111111110111111111111110111110111101111111111101111
1111111111111011111111111011111111101110111111111111111111111111
1111111111011011111111111011111001111111111111111101111111111111
1111101111111111111111111011111111101111111111111111111111101111
1111111111111011111101111111111111111111011111111111111111111111
1111111111111011111101111111111111111111111111111111111111101111
1111111111111011111101111111111111111111110111111111111111101111
1111111111110111111110111101111111111111111111111111111111101111
1111111111111111111111111111111111101111111111111111111111101111
1111111111111111111111011111111111011111111111111111111110101111
1111111111111111111111111011111111011111111011111111111111111111
1111111111111011111101111111111111111111111111111111111111101111
1111111111111011111101111111111111111111011111111111101111101111
1111111111111111111111111011111111111111011111111111111111101111
1111111111111111111111110111111111111111111111111111111111101111
1111111111111111111011011011111101111111111111111111111111101111
0111111111011011111111111011101111111111111011111111111111111111
1111111111111111111101111111111111111111111111111111111111101111
1111111111011111111111111111111111101111111111111111111111101111
1111111111111111111111111111111111111111111111111111111111101111
1111111111111111111111111111111111111111111111111111111111101111
1111111111111011111101111111111111111111111111111111111111101111
1111111111111111111101111110111111111111011111111111111111101111
1111111111111011111101111111111111111111111111111111111111101011
1111111111111111111111111011111111111111011111111111111111101111
1111111111111111111111111111111101111111111111111111111111101111
1111111111111111111110111111111111110111111111111111111111101111
1111111111111111111101111111111111111111111111111111101111101111
1111111111111011111111011111111111111111111111111111011111101111
1111111111111011111101111111111111111111111111111111111111101111
1111111111111111111111111011111111011111111111111111111111101111
1111111111111011111101111111111111111111111111111111111111101111
1111111111111111111111111011111110111111111011111111111111111111
1111111111111011111111111011111111111111111111111110111111101111
1111111111111011111101111111111111111111111111111111011111101111
1111111111111111111111111111111111100110111111111111111111101111
1111111111111011111101111111111111111111110111111111111111101111
1101111110111111111111111110111111111111011111111111111111101111
1111111111111111111111111111111111111111011111111111011111111111
1111111111111111111111111111111111101111111111111111111111101111
1111111111111011110101111111111101111111111111111111111111101111
1111111111111011111011011111111101111111111111110111111111111111
1111111111011111111111111111111111111111111111111111111111101111
1111111111111011111101111111111111101110111111111111111111111111
1111111111111011111111111011111111111111111111111111100111101111
1111111111111111111101111111111111111111011111111111111111111111
1111111111111011111101110111111111111111011111111111111111101111
1111111101111111111110111111111111001111111111111111111111101111
1111111111111011111101111110111111111111111111111111111111101111
1011111111111111111111111111111111111111111111111111111111101111
1111111110111111111111111011111111111111111011011111111111101111
1111111111111011111101111111111111111111111111111101111111101111
1111111111111011111111111111111111101110111111111111111111111111
1111111111111011111111111011111111111101111111111111111111101111
1111111111111111111111111111111111101110111111111111111111101111
1111111111111111100111111111111111101111111111111111111111101111
1111111111111111111111011011111111111111111011111111111111111111
1111111110111010111111111011111111101111111111111111111101111111
1111101111101111111111111111111111101111111111111011111111101111
1111111111111011111111110011111110101111111111111111111111111111
1110111111111011111111011111111111111111011111011111111111111111
1111111111111011111111111111111111101110111111111111111101111111
0111111111111011111111011011111111111111111111111111111111101111
1111111110111111111111111011111111101111111111111111111111101111
1111111111111011111101111111111111111111111111111111111111101111
1111110111111011111111011111111101111111111111111111111111101111
1111111111111011111101111111111111111111111111111111111101101111
1111110111111111101111111111111111101111111111111111011111110111
1111111111111011111101111111111111111111111111111111111111110111
1111111111111111101111111111111111101111111111111111111111101111
1111111111111011111111011111111111111111111111111111111111111111
1111111010111111111111111111111111111111111111101111111111101111
1111111101111111111111111111111111011111111111111111111111101111
1111111111111111111111111111111111111111111111111111111111101111
1111011111111011110111111011111111111111111111111111111111101111
1111111111111011111111011111111101011111111111111111111111101011
1111111111111111111111111111111111111111111111111111111111101111
1111111110111111111111111011111101111011111111111111111111101111
1111111011101111111101111110111111111111011111111111111111111111
1111111111111011111101111111111111111111111111111111111111101111
1111111111111011111001111111111111111111011111111111111111111101
1111111111111011111111111011111111111111111111111111111111101111
1111111111111011111101111111111111111111111111111111111111101111
1111111111111011111101111111111111111111110111101111111111101111
1111111101111111111111111111111111101111111111111111111111101111
1111111111111011111111011011111111111111011111111111111111111111
1111111111111111111111111111111111101111111111111111011111101111
1111111111111011111111111111111111111111111111111111111111101111
1111111111111011111101111011111111111111111111111111111111100111
1111111111111011111101011111111111111111111111111111111111101111
1111111011111111111100111011111111111111111011111111111111101111
1110111111111111101111111111111111111111111111111111111111101111
1111111111111111111111111111111111101110111111111111111111111111
1111111111011111111111111111111111101111111111111111111111101111
1011111111111011111110111101111111111111111111111111111111101111
1111111111011011111011011111111111111111111111111111111111111110
1111111111011111111111111111111111101111111111111111111111111111
1111111111111111111111111111111111111111011111111111111111111111
1111111111111011111111111111111111111111111111111110111111101111
1111111111111011111111111011111111111111111111111111111111101111
1101111111111011111101111111111011111111111111111111111111101111
1111111111111111111111111111111111111111111111111111111111101111
1111111111111111111111011111111111111111111111111111111111101111
1111111111111111111111111111110111101111011110111111111111101111
1111111111111011111111111011111111101111111111111111111111101111
1111111011111011111111111011111111111111111011111111111111101111
1111111111111011111101111111111111111111111111111111111111101111
1110111111111111111111111111111111010111111111111111111111101111
1111111111111011111111111111111111111111111111111111111111101111
1111101101101111111111111111111111101111111111111111111111111111
1011111111111011111111011011111111111111111111111111111111101111
1111111111111111111110111111111111110111111111111111111111101111
1111111111111111111111111111111111101111111111111111111111101111
1111111110111011111111111111111111111111111111111111111111101111
1111111111111011111001111111111111111111111111111111111111101111
1111111111111011111101111111111111111111111111111111111111101111
1111111111111011111111111111111111111111111111111111111111101111
1111111111111111111111111011111111111111111111111111111111101111
1111111111111111111111111111111111111111011111111111110111111111
1111111111111011111101111111111111111111011111111111111111101101
1111011111111011111101111111110111111111011111111111111111111111
1111111111111111111111111111111111101111111111111111111111101110
1111111111111011111111011111111111111111111111111111111111101111
1111111111011111111111111111111111101111111111111110111111101111
1111111111111011111111011111111111111111111111111111111111101111
1111111111111111111111111111111111111111111110111111111111101111
1111111111111001111101111111111111111111111111111111110111101110
1111111111111011111111111011111111111111111111111111111111101111
1111011111111011111111011111111111111111011111111111111111111111
1111111111111011111101111111111111111111111111111111111111101111
1111011111111111111111111111111011101111111111111111111111111111
1111111111111011111111111011111111111111111111111111111111101111
1111111011111111111111111111111111111111111111111111111111101111
1111111111111011111111111011111111101111111111111111111111101111
1111111111101111111111111111111111101111111111111111111111101111
1111111111111111111111111111111111101111111111111111111111101111
1111110011111011111111111011111111111111111111111111111011101111
1111111110111111111101111111111111111111111111111111111111101111
1111111011111011111101111111111111111111111111111111111111101111
1111111111111011111111011111111111111111111111111111111111101111
1111111111111111111111111111111111111111111111111111111111101111
1111011111111111111111111011111111111111111111111111111111101111
1111111011111111111111111111111111111111011111111111110111111111
1111111111111111111110011011111111101111111111111111111111110111
1111111111111111111111111011111111111111011111111111111111101111
1111111111111111111111111111111111101111111111111111111111101111
1111111110111111111111111111111111111111111111111110111111101111
1111111111111011110111111011111111111111111111111111111111101101
1111111111111011111111101011111111111111101111111111111111111111
1111111111111011111001111111111111101111111110111111111111101110
1111111111111011111101111011111111111111111111111111111111101111
1111111111111111111111011111111111011111111111111111111111101111
1111111111111011011111110011111111101111111111111111111111101111
1111111111111011111111011111111111111111111110011111111111101111
1111111111111111111111110011111111111111111111111111111111101111
1111111111111111111111111111111111101111011111111111111111101111
1111111111011111111111111111111111101111111111111111111111101111
1111111111111111111111111011111111111111111011111111111111111111
1111111111111111111111111011111111111111111111111111111111101111
1111111111111111111111111011111111010111111111111111111111101111
