1111111111111111111111111111111101101111111111111111111111111111
1111111111111111111111111111111101011111111111111011111111111111
1111111011111111111111111011111011101111111111111111111111111111
1111111111111111111111111111111101101111111111111110111111111111
1111111111111111111111111111111111101111111111111111111111111111
1111111111111111101111111111111111101111111111111111111111011111
1111111111111111111111111111111101101111111111111110111111111111
1111111111111111111111111111111111101111111111111111111111011111
1111111111111111101111111111111101101111101111111111111111111111
1111111111111111101110111111111111111111111111111011111111111111
1111111111111111111111111111111111001111111111111111111111111101
1111111111111111111111111111111111100111111111111111111111111111
1111111101111111101111111111111111101111111111111011111111011111
1111111111111111111111111110111111101111111111111111111111111111
1111111111111111101111111111111101101111111111111111111111111111
1111111111111111111011111111111111000111111111111111111111111101
1111111111111111101111111111111111111111111111111111111111111101
1111111111111111111101111111111101111111111111110111111111011111
1111111111111011111111111011111111101111111110111111111111111111
0111111111111111111111111111111110111111111111111011111111111111
1111111111111111101111111111111111101111111111111111111111111111
1111111111111011111111111111111111101111111111111111111111111111
1111111111111101111111111111111111101111111110111111111111111111
1111111110111111101111111111111111101111111111011111111111111111
1111111111111111111101011111111111101111111111111111111111111111
1111111111111111111111111111111101101111111111111111111111111111
1111111111111111001111101111111111111111111111111111111111111111
1111111111111111101110111111111111101111101111111111111111111101
1111111111111111111111011111111111101111111111111111110111111111
1111111111111111111111111010111111101111111111101111111111111111
1111111111111111111111111011111111101111111111111011011111111111
0111111111111111111111111111111101111111111111111111111111111111
1111111111111111111111111111111101111111011111111011111111111111
1111111111111111110111111111111111111111111111101111111111111111
1111111111110111111111111111111101101111111111111111111111111111
1111111111111111111101111111111111101111111111111011111111111011
1111111111111111111111111011111111101111111111011111111111011111
1111111110111111101111111111111111101111111111111111111111111111
1111111111111111111111111111111111111111111111111011110111111111
1111111111110111111111111011111111101111111111110111111111111111
1111111111111111111111111111111111101111111111110011111111011111
1111111111111111101111111111111110101111111111111111111111110111
1111111111111111111111111111111111100111111111111101111111111111
1111111111111011111111111111111111101111111111111111111111111111
1111111111111111111111111111111111101111111111111111111111011111
1111111111111111101111111111111111001111110111011111111111111111
1111111111111111111111011111111111101011111111111111111111111111
1111111101110111111111111111111101101111111111111111111111111111
1111111111111011111111111111111111111111111011111111111111111101
1111111111111111111111111111111101101111110111111111111111111101
0111111111111111111111111111111101111111111111111011111111111111
1111111111111111101111111111111111111111101110111111111111111111
1111111111111111101111111111111111101111111111111111111111111111
1111111111111011111111111011111111101111111111111101111111111111
1111111111111111111111111111111101101111111111111110111111111111
1111111111111111101111111110111101111111111111111011111111111111
1111111110110011111111111111111111101111111111111111111110111111
1111111111111110111111111011111111101111111111111111111111111111
1111111111111011111111111011111111100111111111111111111111111111
1111111111111011111111111111111111101101111111011111111111111111
1111111111111111111111111111111111101111111111011111111111011111
1111111111111111111101111111111101111111111111111111011111101111
1111101111111111101111111111111111101111111111011111111111011111
1111111111111111111111111111111111101111111111111111111111011111
0111111111111110111111111111111101111111111111111111111111111111
1111111111111111111111111011111011101111111111111011111111111111
1111111111111111110111111111111111111111111111111111111111111111
1111111101111111111101101111111101111111111111111111111111111111
1111111111111111111011111111111101101111111111111111111111111111
1111111111111111111111111111111111101111111011100111111111111111
1111111111111111111111111111111101111111111111111011111111111111
1111111111111111111101111111100101111111111111111111111111111111
1111111111111111111111111111111111100111111111111111011111111111
1111111111111111101111111111111101101111111111111111111111111111
1111111111111111111111111111111111101111111111111111111111011111
1111111111111111101111111111111111101111111111111111111111111111
1111111111111111111111111011111111101111111111011111111111111111
1111111111111111111111111111111111100111111111111111111111111111
1111111111111111101111111011111111101111111111111011111111111111
1111111111111111111111111111111111101001111110011111111111111111
1111111111111011111111111111111111101101111111111011111111011111
1111111111111111111111111111111111101111111111111011111111111111
1111111111111111101111111111111111101111111111111111001111011111
1111111111111111111111111011111111101111111111111011111111111111
1111111111111111101111111011111111101110111111111111111111111111
1111111111111111111111111111111111101111111111111111111111011111
1111111111111111111111111011111111101111111111111111111111111111
1111111111111111111111111111111111101111111111111111111111011111
1111111111111111111111111011011111101111111111111111111111111111
1111111111111111101111111011111111101111111111111111111111111111
1111111111111011111001111111111111101111111111111111111111111111
1111111111111111111111111111111101101111111111111111111111111111
0111111111111111111111111111111111101111111111111111111111111111
1111111111111111101111111111111111101101111111011111111111111111
1110111111011111101111111111111101101111111111111111111111011111
1111111111111011111111111111111111101111111111111011111111011011
1111111111111011111101111111111111101111111111111111111111111111
1111111111111111111111111111111111101111111111111011111111111111
1111111111111111111111111111111101101111111111111111111111111111
0111111111111111111111110111111101111111111111111111111111111111
1111111111111111111101111011111111101111111111111011111111111111
1111111011111111111111111111111111101111111111111111111111111111
1111111101111111111111111111111111101111111111111111111111111111
1111111111111111011011111011111111101111111111111111111111111111
1111111111111111111101111111101111101111111111111111111111111111
1111011101111111111110111111111111101111111111111111111111011111
1111101111111111111111111111111111101111111111111111111111111111
1111111111111111111111111011111111101111111111111111111111111111
1111111111111111111001111111110101111111111111111111111111111111
1111111111111111111101111111111111001111111110111011111111111111
1111111111111111111111111111111111101111111111011110111111101111
1111111111111111111101111011111011111111111111111111101111111111
1111111111111111111111111111111101101111111111111111111111111111
1111111111011111111111111011111111101111111101111111111111111111
1111111111110111111101111111111111101111111111111011111111111111
1111111111111111111101111011111111101101111111111111111111111111
1111111111111111101110111111111111101111111111111011111111111111
1111111111111111101111111011111101101111111111111111111111111111
1111111111111111111111111111111111101111111111111111111111111111
1111111111111111111111111111111001101111111111011111011111111111
1111111111111111111111111111111101111111111111111111111111011111
1111111111011111111111111111111101111111111111111111111111111111
1111111111011111111111111111111111101101111111011111111111111111
1111111111111111111111111111111111101111111111111111111111111110
1111111111111111101111111111111111101110111111111111111111111111
1111011011111111111101011111111111101111111111111011111111111111
1111111111111111101111111111111101101110111111111111111111111111
1111111111111111111111110111111101101111111111111110111111111111
1111111111111111111111111111111111111111111111111101111111111111
1111111111111111111111111111111101111111111111111111111111111111
1111111111111111111101111111111111101111111111111111111111111111
1111111111111111111111111111111111101111111111111111111111111111
1111111111111111111111111111111111101111111111111111111111111111
1111111111111101111111111111111111100111111111111111111111011111
1111111011111111111111111111111101101111111111111011010111111111
1111111111111111111111111111111111101111111111111111111111111111
1111111111111111111111111101111111101111111111111111111111111111
1111111111111111111111111111111101101111111111111110111111111111
1111111111111111111101111011111111101111111111011111111111111111
1111011111111111111111111111111101101111111111111111111111111111
1111111011111111111111111111111101101111111111111011111111111111
1111111111111111111111111111111111101111111111110111111111011111
1111111111111111111101111111111111101111111110111111111111111111
1111111111111111111111111111111111001111111111111111111111111111
1101111111111011111101111111111111101111111111111011111111111111
1111111111011111111111111011111111101111111111111111111111111111
1111111110111111111101111011111111101111111111111111111111111111
1111111111101111101111111111111111101111111111111111111111111111
1111111111111011111111111111111111001111111111111111111111111111
1111111111111111111111111111111111101111111111111011111111101111
1111111011111111111111111111111111101111111111111111111111011111
1111111111111111111111111111111111100111111111111111111111111111
1111111111111111111111111111111101101111111111111111011111111111
1111111111111111101111111111110111111111011111111111111111111111
1111111111111111111111111011111111101111111111111110111110111111
1111111111111111111111111111111101101111111111111111111111111111
1111111101111111111111111111111110101111111111110110111111111111
1111111111111011111101111111111111101111111111111111111111111111
1111111111111111111101111111111111101111111111111011111111111111
1111111111111111111111111011111111101111111111111111111111101111
1111111111111111111101111111111111111111111111111011110111111111
1111111111111111111111111111111101111111111111111111111111111111
1111111111111111111111111111111101101111111111111111111111111111
1111111111111111111111111111111111101111111111111111111111111111
1111111111111111111101111111111101101111111111111111111111111111
1111111111111111111101111111111111111111111111111111111111111111
1111111111111111111111111111111101101111111111111111111111111111
1111110111111111111111111011111111101111111111111111111111111111
1111111111111111111101111011111111101111111111111111111111011111
1111111110111111111111111111111111101111111111111111111111111111
1111111111111111101111111111111101101111111111101011111111111111
1111111111111111111111111111111111101111111111111111111111011111
1111111111111111101111111111111111101111111111111011111111111111
1111111111111111111111111111111111101111111111111111111111111101
1111111111111111111111110011111111101111111111111110111111111111
1111111111111111111101111111111111101111111111111111111111111111
1111111111111111111111111111111101101111111111111111111111111111
1111111111111011111111111111111111101111111111111111111111111111
1111111111111011111111111111111111101111111111111111111111111111
1111111111011111111101111111111111101111111111111111111111111111
1111110111111110111111111111111101101111111111111111111111111111
1111111111111111111111111111111101111111111111011010111111111111
1111111111111111111111111111111111101111111111111011111111111111
1111111111111111111111111011111111101111111111111111111111111111
1111111111111111111111111111111111101101111111011111111111111111
1111111111111111111101111111111111101111011111111101111111111111
1111110111111111111101111111110101111111111111111111111111111111
1111111111111011111111111111111111101111101111111111111111111111
1111111111110111111111111111111111101111111111111011111111111111
1111111111111111111111111011111111101111111111111011111111111110
1111111111111111111111111111111111101111111111101111111111111101
1111111101111111111101111111111111101111110111111111111111111111
1111111111111111110111111111111111111111111111111111111111111111
1111111111111111111101111011011111111111111110111111111111111111
1111111111111111111101111011111111100111111110111101111111111111
1111111111111111101111111111111111101111111111111111111111011111
1111111111111111111111111010111111101111111111101111111111111111
1111111111111111101111111011111101101111111111111111111111111111
1111111111111111101111111011111111101111111111111111111111111111
1111111111111111111111111111111101101111111111111111111111111111
