0110000110100100111011110000011110111101110010011110110011111001
1111111111101010000101010011001110010000001101110110111000111111
1101000111111110011010101011001110111001110000111101010111100010
0101110111100101100010101110100001110110001010001001101101000001
1111001111111000101011101111011111011100101000000111010111101110
1111001101001101011111011101001001010111011110011101111001100110
0101111001111010101111011110101111001011100010001000111100101011
1111110111101110101011010011001110010000001101110100111000111111
1111010111011000001101111011001011100100100011100011111001110101
1001101011100010111001110110110100110011101011000010001110001101
1011001111111101010000101010101001100101111101011101110010000010
1011101110110101010010110010001101001011010100011100011111100011
1001101111100111111001011111001010011100111110010011101010011001
1101111011111001101011001011000100011111011010000010101110001101
0110011101111101111111011011100000100111010101001111000100011110
1111110111101100110010001111010010110001010100000010111110010011
0011011011110110111111010110001000011001011110000010000110000101
1111001101001101011111011001000011111011001001111000011010000000
1111101111110110110000011100000001110101110111101001100010100000
0111011010001101101100100111110001010101110001010101111110110101
0101000101000010001101100010111010110111111101011011001110100111
0001111010101111100011111001111010111001100000010111110000001100
1111101001110111110001111011001011100101101011111010000100110001
0110010110100100111011110000011110111111101100101110001000100010
0110100100010000001010111011111001111000010111101000100010100001
1011010011100111100111100111110101010000001101110100111000111111
0010110110111101100011111001111010111101100000010111110000001100
1111111111110110110000011100001111001010110010010001110100011110
1111001010111110011011101011001110111001110000111101010111100010
1101101100100101110110011001110000010010010011111111110010011001
0011111110000011001101011101101011101111101111011111010101111101
0101111001111010101111011110111110001011011010111111111100110011
0110010110100100011011110000011110111101111100110101110110010101
0110011101111101110001011010101110100101111101011101100001001101
1001101111100111111001011111001010011100111010010011101101011111
1011000100100111110101010100000111111100001100011100000111101000
1101101100100100111111010110001000011001011110000010000110000101
1010110110101011111011011100110111010010000010111111100100111001
0000011110111101111111100111110001010101110001010101111110110101
1110011010001010011111010101000011110011001001111000011010000111
1100111010001101101100011111010010011111000111111011110011001011
0000011110111101111111011011000010011111000111111011110011001011
1111001111111000101001011111001010111100111110010011101100101001
0101111001111010111000010111111111000110001100001101001110110101
1111101111110110110001101010110000010110000111011101111111010000
0111101000010100111101001110011111100001011000111101111101110101
1111101001110111110011100010011001010111011110011101111001100110
0101111001111010101111011110111110001001100110111111101101001111
1011101011000011101011100001100000000111100000110001010110101111
0110011101111101000100110101111111101101110000111111110100001101
1110111101001100110011010000111010010010110010010001110100101011
0010001111101001101010011101100111001110010010101100011101010011
1100000110111101010000001000111010001101000110001000110000101100
1111010111101000000110111011011000000001101101101010011001001110
0001101011100010111110111011011001000001101101101010011001001110
1111111001100100110001011010101111100001011000111101111101110101
1101101111101101011110100000101111110000111101011110001110101010
1011010011100111100111100101110001010111100100010001010010101111
1010101001011101001010001010001011010110100110101001100111101111
0100001011101001001010110011000100011111011010111111111100110111
0010110111100010110100011100010000101000100110110010010000011001
1111101001110111010100110001101011101101111010101111111110100011
1111101111110110110000011100001111001010111111111101000100110101
1110011111010111101101110111101000011011101100010001011010101111
1101101111111010111000010111111111000110001100001101001110110101
1010011100111000110101111000110011011111111000111111110100001101
1111111001100100110001011010101110100101111101111101111101110101
0101001000101111111011001011000100011111011010111111111100110111
0111100100010000001010111011111001111000010110010011101100101001
1110111101001100110011010000111010010110111101101011001010000101
0110100111000111110001100111011111100001011000111101111101110101
1110011111010111101101111110011110111101110010011110111100001001
0110011010001010111010100011101111101101010101011111110110100111
0011111110010010001101100010111010110111110111001010011010011100
1111101010111110011100111000111010011001101111011111010101111101
1011010011100111100111100100111010011001101111011111010101111101
1110011111010111101101111111000100010010010011111111110010011111
1011111111100111111110111001111001010011100010001000111100101001
1011001111010111101110111110111111000110100000111110100101000010
0101111001111001101111010001110110000100000100000100011011101010
1010100110100111101110010011101011111010100101111011111101101001
1100000100110000110011101111000101111011101110110011101110011001
0010101101110101011100101111001101101111111111010011100010111011
1111101001110111110001101001001101000110110111010011101111111100
1111001110000011001101011101101011101111111010000110110111110101
0110000110010010001101100010111010110111111101011011001110110111
1111001101111110101111011001110001101001100100010010101110001111
0100001011101001001010110000110011011100100011110001001001100010
0011100111101110101011001010000001000001111011011110110111100011
1111001111111000101011101111001101101111111111010011100010111011
1101110000100000101101001011000100010010010011111111110010011001
0101111001111010101111011110111100001001100110111111101101011101
0111011010001101101100011111000010011111000111111011110011010110
0011101100000111101001101100100111110100011110011011001100010101
1110011111010111101101111011000100010010010010101100011101010011
0001111011011010111000000111011010101000001111110011100001110111
0011111110010010001101100010010101110010001001101111010011110010
1010110111111011111101111011111111000110110111010011101111111100
1011011011110110111111010110001101000111000110101001111110111001
1111101111110110110000011100001111001011111000111111110100001101
0010010010100011010100110001101011101101110001001101101011100000
1111111001100100110001011010101110100101011101101011111000111110
0010111110011100110001101010111001010111011110011101111001100110
0011001110001001110011001101110011010100001110011100010101111000
0001010001111111110011010110101000111000111010000110110111110101
1101110101111011110011001010101100001010011010111111011110000011
0100111001011100000101010000110011101010100110001101101100111100
1101101111101101011110110001111000111000011011111111101111101111
1000110101111011110011001010101100001010011100110101110110010101
1111001101001101001111011101000011111011001001001111110010011001
1111110110111111100011111001111010111101100000010111110000001100
0001111011011010100000110101111111101101110001101111101001110001
0101111001111010101111011110011001010111011110011101111001101110
1100011000110111111101001100000000001100001000100001010111101111
0110100111000111110001100101101101000111000110101001111110111001
0110000110111100000111110110111001000110100101100001011001001111
1010101111100010001111110011011000110101101101010000010101100011
0100001011101001001010110101011000111001101110111111011100110111
1111101111110110001110110111101000011011101100010001011010101111
0010101000100000111001101111011110111010000011010000010111100011
1011001111110101010000100010101001101001101111011111010101111101
0000000100111101111111010111000010011001101111011111010101111101
1111101010111010011010101011001110111001110000111101010111111010
1010000111111010010100100110000001111010110010010001110100101011
1101011010001101101100011111000010011111000111111011100011001011
1111110111101110101011001010000001000001110011011111110111100010
1111010111011000001100100110000001111011100111101111110101000001
0010010010100011010100110100011110001110010100001001111001011010
1001010010000111101001101100100111110100011110011011001100010101
0100110111100100100101001101100010110011101011000010101110001101
1111101001110111110001101000001101000110110111011001101111101111
1110000011010100111011001000111011011011111000111111110100001101
0111001010011101001010001010001011010110100110101001101111101111
1101111011111001101011001011000100011111011010111001100100010110
0111100000000110110100000000011100011001011101100011111000111110
1110011111010111101101111111000100000001111011011110110111100011
1010110110101011111011000110000101111011100111101111111101000001
1110011111010111101101001010111100100011011111011101100010001111
0001010001111111110011010110101000111010100101111011111101101001
1010101111100010001111110011010000110001111010101011001110100111
1101111011111001101011001011000100011111111010111111111100000101
1000110110011111101111011101000011111011001001111000011010000111
1100000001010101010011100000101111110000111101011110001110101010
0001001101110101111100111000111010011001101111011111010101011101
1111001111111000101011101000111010111100011100011000010011011001
1010110001000010110110111000111111111001100001011101000111111000
0110000110111111110011001101010001000111011100011111111000000111
0101000101000010101011111101000111101010101011111111110010011001
1111101001110111110001101001001101000110111110010101011100011000
0100111001111100000101011001001010101001000101111010101100010101
1101111011111001101110111001111001010011100010001000111100101011
0010111111011100110001101010111000010111100000110001010110111111
0111100100010000001010111011111001111000001111110011100001110111
1000110101111011110011000101011011111100101000000001011110111101
0111111111101010000101010000001111001010110011010001110100101011
1011111100000111101001101100100111110100010110011010111001100101
1011101010111110011010101011001110111011110000111101010111100010
0011111110010010001101011011011010101000001111110011100001110111
0110010110100100111011110000011110111101110010011101111001100110
1000101111100010001111110010101001101001000011001111010101110111
1100000100110000110011101101011000111001101111101010111001100101
0000100101010011001100001010110110000001101110111101110100000101
0111101000010100111110000010101011111011101100101111001000100010
0101111001111010101111011110111110000001100110111110110111100110
1010111001011110001011001010000001000001111011011110110111100011
1111101111111000101011101111001101101111111111010011010101111101
1010010111101000000111101111000001100000111001001101000000111001
0110000110100111011111000101011011111100101001000001011110111101
1011001111110100010000000010011101111110111000100010000101110101
0111111110010010001101100010111010110111111101011011001110101111
1000001101111111110100110010011001011111001010101101111101110100
0111101101101111110010001111010011111111011010111111111100110111
1011001100111100100111111101110111010010000010111111101001001110
0001010001011111110011010110101000111000110101101011001010100011
0101111011111001101011001011000100011111011010110011100001110111
0111011011011010111000010111111111000110001100001101001110110101
1110110001000110110100000000011000110001111010100100000110010101
1000101010111011001010100001100100000111100000110001010110111111
0101111001111010111111011101000011111011001001111000011010000111
0010111110011100110001101011111111000101110100100010110111100110
1001010010000001110001100110101010011001101111011111010101111101
1101111011111000011010101011001110111001110000111101010111100010
1010101001101011001100110010011001010111001110011101111001100110
0111101101101111110010001100101101100111011111111101000100110111
1101111001001101101011100111110001010101110001010101111000111111
1101111011111001101111001011000100011111111000111111110100001101
1011101110110101010010110111001101001011010101110010001110101110
1001110110011100101101001000000100111001000101100101101100011111
0111011011111001101010001011000100011111011010111111101100110111
0001010001100111100111100101110101010111111111000111110111010110
1010110110101011111011011011011010101000001111110011100001110111
1101111001001101101011100111110001010101110001010101111110010101
1100111100111011110011001010101100001010011010111111111110000011
1010110110101011111011111100110111010010000010111111100101111000
0111010001111101110111011110111010001010110111010011101111111100
1000001101111111111011011011011010101000001111110011100001110111
1010011100111000110101111100001100001101110001001101101011100000
0010101101110101111100111000111010011001001010111011110011100011
1001011100100101110110011001110010101011110000001110111101100101
1010110110101011111011011011011100011101110101010100010001110000
