1010110111111011111101111011111111001010111001110111110100010110
1101111011111001101011101011000100011111011010111111111101110110
1101111011111001110011010000111010110110111101101011001010100010
1101101111101101011110110001110101011000001111111001111110110010
0110100111000110110001110111011111011100111100010001010111010110
1010110111111011100111100101110101010111111111000111110111010110
1001101111100111111001011111001110100101111101011101100001001101
0100011110111101011111011011100000101010101011100010111110011101
1111011011011110111110110001101011101101111010101110001110001010
1101101111101101011110110001110101011001011000111101111101110101
1110011111010011101101111111000100010010010011111111110000010111
1101111001111010101111011110111110001001100110111111101101011111
1001001100100101111000101100101101100111111111111101000100110111
1100101111100111011111000011001011100101101011111010111110011100
1101111011111001110011010000111010100110111101101011001110100011
1111101010111110011110110001110111001010110010000001111000101011
1101111011100111111001011111001110100101111101011101100001001101
0101111001111010001111011110110111001110001101110100111000111111
0010101101110101111100111000111010011101110001101110100001110001
0000001110010111101110111110111111110111010101100110110111110101
0110011101111101001101011101101011101100011011111111101110101111
1111101010010011100110001010101001011101001010111101010111100010
0100011110111101011111011011100000101010101011100010111110001101
1111001111111000101011101101000011111011001000101000011010000011
1100010001111111110011010110101000111000011111011011101111111100
1101101111101101011110110001100101011000001111111001111110110101
1111011011011110110001100111011111011100111100010001011010111011
1111010111011000001101111011001010011001101111011111010101111101
1111011011011110111110110001101011101101111010101111111111011110
1010110111111011111101111011111011111110100011100011111001110101
0110011101111101001101011101101011101111111010100110110110001101
1000101010111011011001011101101101000111001111111101000100110111
1011010011100111101100111000111110011001101110111111011110000011
1111111001100100110001011010101110111010110001001101101001011101
0110011101111101001101011101101011101111111010100111110100010110
1111001111111000101011101111001110110111111101011001001010111111
1111101010001101101100011111000010011111000111110011110011001011
1111001111111000101011101111001101101010111001110111110100010110
0000011110111101111111011011100000101010110001110111110100010110
0110011101111101000000110101111111100001011111011101101110101001
1011010011100111100111100101100101010111111111001101010001001101
1101111011111001001000011111101111101101010101011100110100000101
1001101111100101011110110001110101011000001111111001111110110010
0011111110000011111000101000101101100111111111111101000100110111
1111011011011110111110000011111111000001110100100010110111100110
1101101111111101001110110001110101010111111101000111110111010110
1001101111100111111001011111001110100001110000111101010111000010
0111010001111101110111011110011101001010111001110111110100010110
1101010111111001101010010101000111001110001101110100111011111100
1010101111100111110011010110101000111000011111111111101110101111
0001010001111101111000111000111010011001101110111111011110000011
0111111111101010000101010011101110010000001101111111110100001101
1100101111100111011111000101011011111110101110011101111001100110
0110011101111101000000110101111111101110100011100011110001110101
1111101111110110110000011100001111001111111111010011100001110111
1101101111101101011110110001110101011000001111110011100001110111
1100101111100111011111000101011011111110100011100011111001110101
1111011011011110111110000010101011000101110101100010110111100110
1010110110101011111011011011110101011000001111111001111110110010
1111100111110101101010100101110101010111111101000111110111010110
1101111011111001001000011110100001111010001010001111101110101111
1011010011100111100111100011111111000101110100100010110111100110
1010110110101011111011010110101000111000011011111111101110101101
1001101111100111111001011111001010011100111110011011111100101101
1101011011111001100110100001110101010111111111000111110101010110
0000001111111000101011101111001101101111111111010001100001110111
1001101111100111111001011111001110100101101111111001111110110010
1011100110111100000111111101111001001010111001110111101110101111
1010101111100010001111100111011000110001111111011011101111111110
1111011011011110111110000010101011111011101100111101100010001111
1111101111101101011110110001110101011000011011111111101100101111
1111001111111000101011111111011101111001001110111111011110000001
1111001101001101100111100101110101010111111111000111110111010110
1101101111101101111110110001010101010100001111011011111100110111
0101111001111010101111011100110111010010000010111111101110000010
1100101111100111011111000101011011001001101110101111101101011110
1101111011111001101011111101111001001011110000011101010111100010
1111101111101101111110110001010101011000001111111001100111101111
1000101010111011011001011101101101000101101011111011101111111100
1101111011111001001000011110010110110110100011100011110111110101
1111011011011110111010000010111110001011101110101110001000100010
1010110110100111100010001100111101010111111101000111110111010110
1001101111100111111001011111001111000101110100100010110111110110
0010111110000011001101011101101011101101111011000111000100011110
1111101010111110011010111010101000100000011011111111101100101111
1111101010001101101110011110010110110110101011100011111001110101
1100010001111111110011000000101101100111111111111101000100110111
0101011000111011111000101100101101100111111111111101000100110111
1101111011111001101011111101111001001010111001010011100001110111
1111001111101101001110110001110101011000001111111001100100010110
0110000110111100000111111101111001001011111001110110110100011110
0001010001111111110011011110011111100000001101110100111000111111
1111011111110110110000011100001111001111010101001111000100011110
1111010011100111100111100101110101010111111111000111111111101110
1001111011101101001110110001110001011000011111111111101110101111
1000101111011110111110110001101011101101111010101110111110100011
0011011100100111101100010010101110001000100110111111101101001110
1100111100111011100001111011001110010000001101110100111000111111
1011010011100111100111100101110101010111111111001111101101111000
1111001101110101111000110011000100011111011010111111111100110111
0111111111101010000101010011101110010000001101110100101101001111
1000001011010100111011001000111011011011111000111111110100001101
1000101010111011011001011011011010101000001111110011111110110101
1100101100010011101110001010101001011101001001101011001010100011
1101101111101101011110110001110101011000001111101011001010100011
1111101010001101101100011111000110101010110001001101101001011111
1101111001111010101111011110111111011000001111111001100111101111
1001100111100111111001011111001010011100011011111111001110101111
0110100111000011110001100111011111011111111101000111110111010110
1100010001111111110011010110001101000110110111010011101111111100
1000101010111011011001001001011110010000011101110100111000111111
0001010001111101101011001010101001011101001010101101111101110100
1101010111111001111010100101110101010111111101011111101101011110
1111011011011110111110000010111111000100101000111110100101000010
0101101001101101011110110001110101011000001111111001111110110010
1100100111001010010001100111011011110100101000000101011110111101
1101110100100111101110010010101011111010100101111100111000111111
1100101111100111011110110001110101011000001111111001111110110010
1101111001111010101111011110111110001001100110111111111100110111
1010110110000111100010001100111111111001100001010011000001110111
0111111111001010000101010011101110010000001101110100100010111001
1100101111100111011111000101011011111110100110111111101101011111
1100101111100111011111000101011011111110110111010011101111111100
0110100111110101111100111010101110100101111101011101100001001101
1110011111010111101101111111000100010010011111111000111110110010
1111011011011110111110000010111110001001101110111111101011001011
1101101100100101111000100100100010011111000111111011110011001011
1010110111111011111101111011111111000101101111111001100111101111
0001010001111110111110000010001011111011101100101110001000100010
0101011000111011101010011101000111001110001101110100111000111111
1010101111100010001111100111011000110001111111011011101110011111
0101001001101111111110100101011011111110100011100011111001110101
1010110111111011111101111011111111000101110101011110001111001011
0101001001101111111110111011111111110001111111011011101111111100
1101101111101101111110110001010100011000001111111001100111101111
1000101010111011011001011101101101000111000111101001111010111001
1111011011011110111110000010101011111011101110101110001000100011
1011110110101011111011011010111010110011111101011001001010111010
0101001111100111011111100101011011111100101000000001011110111101
0001101111111000101011101101000011111011001000111000011010000111
1010110111111011111101111011111110001001100110111111101101011110
1011010011100111100111100101110110111011101100101110001000100010
1010110110101011111101011110111110001001100110111111101101011110
1101101111101101111110110001100011011100010010101110011101101001
1101111011111001101011001010101001011101001010101101111101110111
1110011101111101001101011101101011101111111010100110110111110101
0101111001111010001011011110111110001001100110111011110011001011
1101101111101101111110110001110101011000011001110111110100010110
1111000111111000101011101101000011111011001000111000011010000111
1010110110101011111011011011011010101000001111110011111101101001
1111111001111010111011001000111011011011111000111111110100001101
1111101111101101011110110001110101011000001111111001100101110110
1010101111100111011111100101011011111100101000000001011110111101
1110111111100111111001011111001010011100111110010011101100101011
1111011011011110111110110001101110010010010011111111110010011001
1101101111101101111110110001010101011000001110111111101101011110
1110011111010111101101111111000100010010010011111111101111111100
1111011011010111101101111111000100010010000011111111110111010110
1111011011011110111100000010101011111011101100111101100001001011
1101010111111001101010100101110101011001101111101010111001100101
1001101111100111111101011111001010011100111110010011101100010110
1000011111010110111110000010101011110011101100101110001001010011
1101101111101101111110110001010101011000001111111001100111101111
1101101111111101110111011110011110010000001101110100111000111111
0111111110000010001111010110101000111000011011111111101110101101
1011010011100111100111100101110101010111111111000111010101111101
1101111011111001110011010000111011101111111010100110110111110101
0111111010111001101100011111000010011111000111111011110011001011
1000101010111011011001011101101101000111000111101001111110111001
0111100111001111110100110010001010011000010011111111101110101111
1100101100010011101110001010101001011101001011011101100001001101
1111011011011001101011001011000100011111011010010011101100101011
1111001111111000101011101101000011111011001000111101000100110111
0111111011011010111011010000111010110110111101101011001010100011
1010110110101011111011011011111111000101110100100010101100101111
0001010001111111110011010110101000111000011011111111101111111100
0000011110111101100111100101110101010111111111111101000100110101
1101111011111001101011001011000100011111011010111111011100101101
1101111011111001101111001011001101101111111111010011100001110111
1111001111111000101011101111001101101111111111010011100001110111
1111011011011110111110000010101011111011111010111111111100110111
1001101111100111111001011111010110110110100011100011111001110101
1101111011111001101011001011000100011111011000101111111010111011
0011010100100111101110010010101101000111001110100001111110111001
1100110001111111110011010110101000111001110101100010110111100110
1001101110100111100111100101110101010111111111000111110111101110
1111111011111001101011011000111010011001101110111111011110000011
1101101111101101111110100001010101111000001111111001100100010110
0011111011111001101011111101111001001010111001110111110100010110
0101111011010001101011001011000100011111011010111111111100110111
0011101110000011001101011000011111001110011100110101110110010111
1101010111111001101010100101110101010111111101000111110100011110
1111101111110110110000011100001110010010101111101010111001100101
1101010111111001101010100101110101010111010011101100011101010011
1111011011011110101011111111001101101111111111010011100001110111
0010111110011100110001101010101101001010111001110111110100010110
1011100110111100000111111101111001000001101110010010110011111111
0010101101110101111100111010111001001010111001110111110100010110
0110011101111101000000110101111111100000111110010001011010111011
0000011110111001101011001011000100011111011011111111111100010111
