0110011101111101001101011101101011101111111010100111110100010110
1110011101111101001101011101101011100101101010111010111110011100
1011010011100111101100111000111110011001101110111111100111011110
1010101111100010001111100110011000110001111111000111110111010110
1101111011111001101011001010101001011101110100100010110111100110
1101010111111001111010100101110101010111111111111001100111101111
1101111011111001101111001011001101100111110110111111101101011111
0101001001101111111110111011111111110001111111011011101101111000
1111011011010111101011001010101001011101001010101101111101110111
1111001111100111011111000101011011111110100110111111101101011111
1010110111111011111101100101110101010111111101000111110111010110
0101011000111011111000101100101101100111111101111101000100110110
1101101111101101011110110001100101011000001111011001000111001011
1111011011011110101011111111001101101111111010111011111101110110
1010101111100001111001011111001110100101101111111001111110110010
0010101100111010101111011110111110001001100110111111101101011111
1111001111111000101011101111001101101111111111010011100001110111
1111011011011110101011111111001101110001111111011011001110011111
1001101110100111100111100101110101010111111111000111110101110110
0110100111000011110001100111011101010111111111000111110111010110
1111101111110101111000110011000100011111011010111111111100110111
1001111011101101001110110111000100010010010011111111101111111100
1110011101111101001101011101101011101111111010100110110111110101
1010110111111011111111111011111110001001100110111111101101011110
1100101111100111011111000101011011101111110101011110001111001011
1010110011111011111101111011111111000101101111111001100111101111
1111101111101101111110010001010101101111111111010011100001110111
1100101111100111101110110001010101010100001111011011111100110111
1010110010101011111101001011000100011111011010111110011100101101
1111011011000011111001101000101101000111111111111101000100110111
1101101111101101111100110001010101010100001101110100111000111011
1101101111101101111110110001010101011000001111111001100111101110
1010101111100010001111100111011000110001111111011011101111110111
1101010111111001111010101110111110001001100110111111101101011110
1101111011111001101011001101110101010111111111000111111111101110
1111001111111011111101111011111111000101101111111001100111101111
1111100111110101101010100111001110100101101111111001111110110010
1101111011111001110011010000111011101111111010100110110110100110
1101101111101101111110110001010011111110101110011101111001100110
1110011111010111101101111111000100010010010011111111101111111101
1110011111010111101101111111000100010010011111111000111110110010
1101101111101101101011111000111010011001101110111111011110010011
1111100111110101001010100101110101010111111010111111111100110111
1111100111110101101010100101110101010111111101000111110111010111
1100010001111111110011010110001101000110110111010111111111101110
1010110111011110111110000010101011111011111010111111111100110111
1111101111101101010110110001110101011000111111010011100001110111
1111011011011111011111000101011011111110110111010011101111111100
1001100111100111111001011111001010011101011011111111010100010100
1111100111110110110000011100001111001111111111010011100001110110
1001100111100111111001010000111011101111111010100111110101110101
1111001011011110101011111111001101101111111111010011100001011111
1101111001111010101111011110101111011101101111111001111110110010
1111111001111010101111010110111111000101101011111010101111111100
1110011111010111101101111111000100010010010011111111100001110111
1111101111110110110000011111000100011111011010111111011100101101
1100101110100111100111100101110101010111111111000111110111101110
1111011011011110111110000010111110001001010011111111101110101111
1010110111111011111101111011111111001010111001110111110100010110
1101111011111001101011001011000100011111011010111111011100101101
0111111111101010000101010011101110010000001101111110110110001101
1010110110101011111101011110111110010010010011111111101111111100
1010110111111011111101111011011110001010111001110111110111010110
1111001111111000101011101111001110110111111101011001111000111111
1101101011111101110111011110011110011000001101110101111000101111
1111001101110101111000110011000100011111011010111111111100110111
1111001101110101111000110001110101000111111111001111101001111000
1101111001111010101111011110111110001001100110111111101101011111
1111011011011110111110110001101011101101111010101110101110001010
1110011111010111101101111111001110010000001101110100111000111111
1100101111100111011111000011001011100001101111111010111111101111
1010101111100111110011010101110101010111111111000111110111000110
0011100110111100000101011111001010011100111110010011101100101011
1010001111111000101011111111011101111001001110111111011110000001
1111010011111101001110110001110101010011111101000111110111010110
1011110110101011111011011010111010110011111101011001001010111110
1111101111110110110000011100001111001111111111010011111101110110
1001100111100111111001011111001010011100011011111111001110101111
0101001001101111110110111011111111110001111111111001100111101111
0110100111111011011001011101101101000101101011111011101111111100
1111011011011110111110000010101011111000001111111001100101110110
1101101111101101111110110001110101011000011001110111110100010110
1110100111110101111100111010101110100101111101011101100001001101
1000101111011110111001011111001010011101011011111111001110101111
0101111111110011100111100101111101010111111111000111110111010110
1101111001111010101111010001101110010010010011111111110010011001
1101111011111001101011101011000100011111011010111111111101110110
1001101110100111100111100101110101010111111111000111110100010110
1010101111100010001111100111011001011000001111111001100111101111
1100101111100111011110110001110101011000001111111001111110111111
0111011011011110111100110001101011101101111010101111111111011110
1101010011100111100111100101110101010111111111000101010101111101
1000101111101101111110110001010101010100001111011011111100110111
1111011011011110111110110001101011101111111010101111111111011110
1111001011011110111110000010101011111011111010111111100101110110
1101111001111010001111011110110111001110000101110100111000111111
1111010011100111100111100101110101010111111010111111111100110111
1010110111111011111101111011111111000101101111111001100111101110
1101101101111101001101011101101011101111111010100110110111110101
1010110110001011111011010110101000111010011010101110001110001010
1101111011111001101111001011001101111111111101000011110111010110
1101111001111010101111001110111111011000001111111111111000110111
1010110111111011100111100101110101011000001111111001111110110101
1101011011111001100110100001110101010111111111000111110111110101
1110101111100010001111100111011000110001111111011010101111111110
1101101111101101111110110001010100011000001111111001100111110110
1101111011111001110011010000111011101111111110100110110111110101
0111111110000010001111000101110101010111111111000111110111101110
1001101110100111100111100101110101011101001010101101111101110111
0101111011010001101011001011000100011111011011111111110010011001
1010110111111011111101111011111011111110100011100011111001110101
1100010001111111110011000000101101100111111111001111101101111000
1111101111101101011110110001110101011000001111110001100111111100
0101011000111011111101111011111111000101101111111001100111101111
1010110110101111111100110011000100011111011000111111111100110110
1010110111111011111101111011111011111111011010111111111100110111
1001101111100111111001011111110101010111111111000111111111101110
1110011111010111101101111111000100010010011111111000111111011111
1010110111111011111111111011111111000101101111111111101011001011
1101011111010111101101111111000100010010010011111111101111111100
1110011101111101001110110001110001011000011111111111101110101111
0110011101111101001101011101101011101100011011111111101110101111
0110011101111101001101011101101011101100011011111111101110101111
1010111010101101001110110001110001011000011111111111101111101111
1011010011100111100111100101110101010111111111000111010101111101
1100101111100011011111000101011011001001101101000111110111010110
1010110111111011111101111111000100010010011111111000111110110010
1101111001111010101111011110111110001111011010111111111101110110
0101011000111011111000101111111111001010111001110111110100010110
1100101111100111011111000101011011111110100110100111110100010110
1001101111100111111001011111101000111000011111111111101110101111
1101101111111101110111011110011110011000001101110101111101110101
1100101111100111011111000101011011111110100110111111101101011111
1001101111100111111001011111001111000101110100100010110111110111
1010110110101011111011011011110101011000001111111001111110110010
0010110111111011101111011110111111011000001111111001100111101111
1010110111111011111101111011111011111110100011100011111011101111
1101101111101101111110110001010101011000001110111111101101010101
1101111001111010101101011110111111011011011111000111110111010110
1101101101001101100111100101110101010111111111000111100111010110
1111101111110110101011111111011101111001001110111011011110000001
1011010011100111101100111000111110011001101110111111011110001011
1100010001111111110011010110101000111000011111011011101111111100
0000111110111101101011111111001101101111111111010011100001110111
0110011101111101001101011101101011101101111010100111110100010110
1110111111100111101001011111001010011100111111111000111110110010
1000101111011111100111100101100101010111111011000111111111101110
1010110111111011111101111011111011111110100011100011111100110111
1111111001111010111011001000111011011011111000111111110100110100
1100101111100111011111000101011011111110110111010011101111111101
1010110111111011100111100101110101010111111111000111110111010111
1110101111101101011110110001110101011000011011111111101101011111
0101111001111010001101111011111111001010111001110111110100010110
0110011101111101001101011101101111001010111001110111110100010110
1101111011111001101011001011000100011111011010111111011100101101
1111011011011111111110110001010101010000101111111001100111101111
1001010111111001111010100101110101010111111101011111101101011110
1101010111111001111010100101110101010111111111000111110111101110
1001101111100111111110110001100101011000011011111111101100101111
1111011111110110111110110001101011101101111010101110001110001010
1110011111010111101101111111000100010010010011111111101000111111
1101101111101101111110110011010001011000001111111001100110001101
1110111111100111111001011111001011101100011011111111111110101111
1111001111111000101011101111001011101101111000101111111111011110
0101111001111010001111011110110111001110001101110100111000110110
1111011011011010111101111011111011111110100011100011111001010101
1001100111100111111001011111001010011100011011111111001110101101
1101111011111001101011001010101001011101001010101101111101011111
1111011011011110111110110001101111101101111010101110001110001010
0101111001111010001111011101101011101111111010100110110111110101
1010011101111101001101011101101011101111111010100110110111110101
1111101111101101011110110001110101011000101110111111101011001011
1010110111111011111101111011111110001001100110111111101101011110
1101111011111101110111011110011110010000001101110100111000111111
1101101111100111001110110001110101011000001111111001111110110010
1101111001111011101111011110111110001001100110110001011010111011
0111011011011110111110110001101011101101110100100010110111100110
1010101110101011111101011110111110001001100110110111101101011101
1111011011011011111101111011111011111110100011100011111001110101
1111001111111000101011101101111001001010111001110111100110101111
1000110111111011111101111011111011111110000011100011111001110101
1010110110101011111011011011110101011000001111111001111110110010
1111011011011110111110000010101011111011111010111111100001001101
1111011011011110111110110001101011101101111101000111110100011110
1111001111111010101011111111011101111001001110111111011100101101
1000101111011110111110110001101011101101111101100111110111010110
1101111001111010101111011110111110001001100100111111111100111100
1101111011111001101011001010101001011101001010100101111101110111
1111101111110110110000011100001111101111111111010011100001110110
1100101111100111011111000101010011111110101110011110110111110101
0110001111111101001101011101101011101100011011111011100001110111
0110011111010111101101111111000100010010011111000111110111010110
1101111011101101111110110001010101011000001110111111101101011110
1010110110101011111001011111001010011100011011111111001110101111
1010100111111011111101111011111011111110100011100011110111010110
1100010001111111110011000000101100100111111111111111111100110110
1011010011100111100111100101110101001001100110111111101101011111
1000101111011110111110110001110101010111111111000111110111010110
1111101011100010001111100111011000110001111111011011101111111110
1111010111111001111010100101110101010111111101011111101101011110
