0010110111111011101111011110111111011000001111111001111100101111
1111011011011111011111000101011011111110110111010011101111111100
1100101111100111011111000101011011111101100111110001011010111011
1010101111100111110011010101110101010111111111000110111111011111
1111111001111010101111011110111110001111011010111111111101110110
1111010111111001111010100101110101010111111010111111111100111111
1101111001100010001101100111011000110001111111011011101111111110
1101111011111001101011101011001111000101101111111001100111101111
1110111111100111101001011111001010011100111111111000111110110010
1010110111111011111101100101110101010111111101000111110111010110
1010010111111011111101111011111011111111011010111111111100111100
1010110111101101011110110001110101011000011011101111101101011111
1111001111111010101011111111011101111001001110111111111100110111
1010110111111011111101111111011110001111011010111111101101110110
1010110011111011111101111011101111000101101111111001100111110101
1101111011111010101111011110101111011101101111111001001110110010
1111001111110011111100111011111111111110100011100011111001100101
1111111111111011111101111011111011111110000011100011111001110101
1111011011011110111110110001101011101101111101000111110101101110
1111011011011111011111000101011011111101111101100111110111010110
1100101111101111111110111011111111110001111111011011001101111000
1010110111111011111101111011011011111101101111111001100111101111
1100101111100111011111000100010011111110110111011011111000111111
1111011011011011111101111011111011111110100011111111101011001011
1111100111110101001010100101110101010111111010110011111011101111
1101101111111101110111011110011110011000001101110101111101110100
1010110111111011011111000101011011111110100110011111101101011111
0110011111100111111001011111110101010111111111000111111101101110
1101111001111010101011011110101111011101101111111111101101011110
1111011011011110111110000010101110001001111111111001100110101111
1110011101111101001101010101101011101100011011111111101110101111
1001101111100111111101111011111111000101101111111001100111101110
1110111111100111111101111011111111001010111001100111110100010110
1111101111110101111000110011000100011111011010111111111100110111
1001101111100111111000110001101011101111111010101111111111011110
1110111111100111110001011111001011101100011011111111100110101111
1101111011111001101111001011001101100111110110111011111001110110
1111101111110110111011101111001110110111111101011001111000111011
1110011111000111101101111111000100010010011111111111101101011011
1111011011011110101011111111001101110001111111111011011110000001
1111001011011110101010111111001101101110100011100011111001110101
1110011111010111101101111111000110010010010011110110101111111100
1011011011011110111110110001100011101111111010101111111111011110
1010110111111011111101111011111011111110001011111010101111111100
1010010111111011111101111010111110001001100110111111101101111111
1111001111111000101011101111001101101111111111010011110111110101
1010110111111011111101111011111011111110100011100011111100110111
1010110111111011111101111011111110001001100110100110110111110101
1000110111111101110111011100011110011000001101110101111101110101
1110111111000111111011011111001011101100011011110111110100010110
1101111011111001101111011011111011111110100011100011111001110101
1111011011011110101011111111001011101111111010101111111111011110
0101111001111011101111011110111111011000001111111001100111101111
1010110111111011101011101111001101101111111010111011111101110110
1111010111111011101111011110111111011000001111111001100111101111
0101111011111010001100111000111110011001101110111111100111011110
1101111011111001101011001101110110010010010011111111101111101100
1111001111111000101011100101011011111110100110111111101101011111
1100101111100111011111000101011111000101101111111001100111101110
1111001111111101011110110001110101011000011011111111101101011111
1101010111111001111010101110111110001001100110111111101101011110
1010110110101011111101011110111110010111111010111011111101110110
1111011011011110101010110001101011101101111010101110001110001010
1111011011010110101011111111001101110001111111011011001111101111
0110011101111101001101011101101011101100011011111111111110011110
1111001111100111011111000101011011011000001111101001111110110101
0010110111111011101110000010111110001001010011111111101110101111
1111010011100111100111011111101000111000011111111101101110101111
0100001001101111110110111011111111110001111111111001100101110101
1010110111111011111101100111001010011101011001111111001110101111
1101111001111010101111100111011000110001111111011011101111111110
1110101111100010001111100111011000110001110111100111110111010110
1111001011111110101011111011111111000101101111111001100111101111
1001101111100111111001011111110110001001100110111111101101011110
1111111001111010111011001000111011011011111010111111101101011111
1110101111101101011100111011111011111110100011100011111100110111
1010110111111011111101111011011101111001001110111111011100101101
1100101111100111011111000101011011111111011010111111111100110111
1010100111111011111101111011111011111110010011111111101111101100
1000110111111011111101111011111011111111001110111111011100101001
1111011111110110111110110001101011101101111010101111001111110101
0111001001101111111110111011111111110000111111111000111110110010
1010110110101011111101011110111110010010010010111111100101110110
1111111001111001111010100101110101010111111101011111101101011110
1101111011111001101111001011001101100111110110111111101100010110
0101011000111011111101111011111111000101101111111001100111101111
1010110101111011111101111111001110110011111101011001011000111111
1111101111110110110000011100001111101111111111010011100001110110
1101111001111000100011101101111001001010111001110111100110101111
1010110111111011111101111011111011111111100110111111101101011111
1101111001111010101111011110111110001111011010111111111101101111
1101111001111010101111011110111110001111011010111111111101110110
1111011011011111011111000101011011111110110111010011100111101111
1010110111111011111111000101011011111110110111010011101111111101
0010110101111011100111100101110101011001001110111111111100101101
0111011011011110111100110001101011101101111010101111111111011111
1111010011100111100111100101110101010111111011100011111011101111
1110101111100111011110110001110101011000001111111001111110111111
1110111111101111111001011111001011100100011011111111111110101111
1010110111111011111101111011111011111110100011100011111100101101
1010110111111011111101111011111111001010111011100011111001110101
1010110111111011111101111011111111000110100011101011111001110101
1101011111010111101101111111000100010010010011111111101101011111
1101111011111001101011101011000100011111011010111011011101110110
1111001111111000001010000010111110001001010011111111101110101111
0111011011011110111100110001101011101101111010111001100111101111
0101111001111010101111001110111111011000001111111111111000110111
1111001111111000101111101101111001001010111111000111110111010111
1111001101111011111101111011111111000101101110111111011100101101
1010110111111011111101111011011110001010100011100011111001110101
1010110111111011111101111010101111011101101111111001111110110010
1010110111111011111101100100110101010111111111000111110111101110
1110011101111101001110110000111110001111011010111111111101110110
1101111011111001101111001011001101111001001110111011011110000001
1111011011011110111110110001101111101101111010101111101110101111
1010100111110111111101101101111001001010111001110111100110101111
1010110111111011111101111011111111001010111001111011101111111100
1010110111011110111110000010001001101111111111010001100001011111
1111011011011100111110110001101100011111011010111111011100101101
1111011011011111011111000101011011111110101111111001100111101111
1101111011111001101110110001110101011000011111111111101110101111
0110011101111101001101011101101011111110100110111111101101011111
1101111001111010101111011110111110001001100101111111101011001011
1000101111100111011111000101011011111110100110111111101101011111
1111001111111011111101111011111111000101101111111000100001011111
0101001001101111111110111011111111000101101111111001100111101111
1101111011111010101101011110111111011011011111111111101110101111
1110011101111101001110110001110001011000011111111001100111101111
1010110011111011111101011101101011101100011011111111101110101111
1111010011100111100111100101110101010111111010111011100001110111
1101010111111001111010101110110101011000011011111111101101011111
1010110111111011100111101111001110110111111101011001111000111111
1101111001111010101111011110101111011101101111111001111100110111
1001101101100111100111100101110101010111111011000111110111010111
1011001111111110101011111111011001111111111101000011110111010110
1101111011111001101111100111011000110001111111011011101111111110
1111001111111011111101111011011110001010111001110111110111010110
1010110111111011111010100101110101010111111111111001100111101111
1101111001011010001111011100101111101111111010100110110111110101
1111101111110110101011111110111111011011011111000111110111010110
1101111011111001101011001101110101000111111111111001111110110010
1110111111110011100111100101111101010111111111000111110111010110
1100111011111001110011010000111011101111111110100110110111110101
1010100111111011111101111011000100011111011010111110111101110110
1111010111111001111010100101111011111110100011100011111001110101
1101101111111101110111011110011110011110110111010011101111111100
1101011111010110110000011100001111001111111111010011111101110110
1111111011011110111110110001101011101111111010111111111100110111
1101111101110101111000110011000100011111011010111111111100110111
1101111001101010101111011110101111011000101110111111101011001011
1111001011011110101011111111001101101111111111000111110111010110
1101111101111110111110000010101011111011111010111111111100110111
1111010011100111100111100101110101010111111010111111111100100111
1000101111100101111001011111001011101100011011111111111110101111
1110110111111011111101111011111111000101101111111001100011101110
1001101111100111111001011111110101010111111111000111111111101010
1111101111110101111000100101110101010111111111000111110111101110
1111001011011110101011111111001101101111110111010011100001010101
1010101110101011111101011110111111000101101111111001100111101111
1001101111100111111001011111110101010111111111000111111111101110
1010110111111011100111011110111110001001100110110111101101011101
1111001111111000101011101111001110110111111101011001111000111111
1111101111101101011110110001110101011000101110111111101011001110
1111001011011110111110001111001010011100111111111000111110110010
1010110011111011111001111011111111000101101111111111111001110101
1101011111010111101101111111000100010010010011111111110111010110
1111001111111000101011111111001011101100011011111111111110100111
1111011111111011111101111011111110000101101111111001001110101111
1010110111111011111101111011111011111110100011100011101111111100
1111101111111110101011111111001101101111111010111011111101110110
1001010111111001111010100101110101010010011111111000111111011111
1101111001111010101011111111001101101111111010111011111101110110
1010001111101101011010110001110101011010011011111111101101011111
1101111001111010101101011111011000110001111111011011101111111110
1100101111100111011111000101011011111110110011100011111001110101
1111001111111000101011101111001101101111111111010111100111101111
1101111001111010101111011110101111011101110110111011101101011111
1111011011011111011111000111011011111110110111010011101111110110
1111011011011010111101111011111111000101101111111001110111101110
1111011011011111111110110001010101010000101111111001100111101111
1111011011011110111110000010111110001001010011111111101110101111
1010110111110011111101111011111011111110100011100011111001011110
1111011011011110101011011111111111000101101111111001100111101111
1001101111100111111001011111101000111000011111111111101011001011
1111101111101101111110010010111110001001010011111111101110101111
1111101111110110111011111001101011101101111010101110101110001010
1111011011011110101011111111001101101111111011010011100001110110
1110110111111011111101111011111011111110100011100011111100110111
1010110111111011111111111011111111000101101111111111101011001110
1010110111111011111101111111001101101111111111010011100001110111
1111011011011110101011111111001101101111111111010011100001110111
0101001001101111110110111011111111110001111111111001101111111100
1101111001111010101101011110111110011011011111011111100101110110
1111011011011110101011111111001101101111111010111011110111010110
1101101011111101110111010110111111000101101011111010101111111100
1010110101111011101101011110111111011000001111111001100101101111
1101101111111101110111011110011110011000001101110001111101110101
1111001111111001101111001011001101111111111101000011111111010110
1010110111111011111101111011011011111110100001100011111001110101
1110110111111011111111111011111110001001100110111111101101011110
