1111011111110110111110110001101011101101011010111111111100110111
0111011111111011111101111011011011111101101111111001100111101111
1111011011011110101011011111011011111110110101010011101111111100
0101011000111011101101111011111111001110100011100111111100110111
1111101111111110101011111111001101101111111010111001111101111111
1111001011111011111101111011111111000101101110111111011100101101
1011110101011011111100111011011011111110001011111010101111111100
1111011011011111011111000101011011111110110111010011101111011110
1010110111111011111101111011111111000110100011101011111001110101
1010110111111011111101111011101011101101111010101111111111010111
1110111011011110101011111111001101101111111111010011100001110111
1010111111101111111001011111111111000111101111111001110111101110
1001101111100111111001001111110101010111111111000111101011011110
1101101111111101110111011110011110011110110111010011001111111101
1101111011111010101101010011111111001010111001111011101111111100
1111101111110110101011111110111111011011101111111001100111101111
1111111011001011111101111011111011111110100011100011111100110111
1101111101111110111110000010101010111011111010111111011101011111
1111010111111001111010100101110101010111111010111111111100011111
1111011011011111011111000101011011111110101111111001100111101110
1010110111111011110101111011111011111110001111111000100111101110
1011001111111110101011111111011001111111111101000011111111011111
1010110011111011111001011101101011101100011010111111011100101001
1111001111111000101111011110111110001111011010111111111101110110
1001101111100111111001011111110101010111111111000111111110101111
1111001111110010101011111111011101111101111101100111110111010110
1111001011011110101011111111001101101111111111000011101110111101
1001101111100111111001011111110101011110100011100011111100110101
1111111001111010101001111011111111010101101111111111111001110101
1101111001111010101101011110111111011110100011100011111100110111
1010110111111010101011111111001101101111111010111011111101110110
1010110111111011111101111011011101111001001110111111111100110111
1010110111111011111101111111001101101101101111111001111100110111
1111111011111001101111100110011000110001111111011011101011111110
1101111001111010101011011110101111011101101111111111101101110110
1010110011011011111001111011111101000101101111111011111101110110
1010110111111011100101111011111011111110010011111111101111001110
1101101111111101110111011011111111000101101111111111101011001110
1111001111110101111000100101110101010111111111000111110111010110
0111010111111011111101111011111011111110100011100011111100110111
1101111011111001101111100111011000110000110111010011101111111101
1101111001111011111101111011111111001010111001111011101111111100
1111011011011010111101111011111111000101101111111001110111101110
1111001011111010101111011110101110011101101111111001111100110111
1001101111100111111000110001101011101111111010101111111011011110
1010110111111011111101111011111011111111100110111001001110101111
1111001111111010101011111111011111000101101110111111011100101101
1111011011011010111101111011111111000101101111111001100111101111
1110110111111011111101111011111011111110100011100011111100110111
1111111001111001111010100101110011111110100011100011101111111100
1111111111111011111101111011111111000101101111111111101001001110
1111011011011111011111000101011011111101111101100111110111010101
1110011101111101001110110000111110001111011010111111111101110111
1111001101111011111101111011111111001111111010111011111101110110
1111010111111111101111011110111111011000001111111001110111101110
1111011011011011111101111011111011111111011010110111111100111100
1100101111100111011111000101011011111111011010111111111100110111
1111011011011111011111011011111011111110100011111111101011001011
1010110111111011111101111011111011111110010011111111101111101100
1110110111111011111101111011011110001010111001110111110111010110
0101001001101111111110111011111111000101101111111001100111101110
1110011011011111011111000101011011111110101111111111111100110111
1100101111101111111101111011111110000101101111111001001110101111
1010110111111011111101111011111011111110001111011111100101110110
0101001001101111111110011011111011111110100011100011111100110111
1110110111111011111101111011011101111001001110111111011100101101
1010110111111011111101111011111011111111001110111111011100101001
1111101111111110101011111111001101101110111010111001100111101111
1101111001111010101111011110101001101100011011111111101110101111
1110111111110011100111100101011101010101101111111001100111101111
1010110111111011111001111011111111000101101111111111111001110101
1101111101111110111110000010101110001001100110111111101101011110
1111011011011111011111000101011011111110111101011001111000111011
1010110111111011111101111011111111000101101111111001100111101110
1010110111111011100111101111001110110111111101011001111000101111
1010110111111011111111111011111111000101101111111111101101011111
1111011011011110111110110001101111101101111010101111101110101111
1111001111111000101011101111001101101111111110111111101010001110
1110110111111001111111111011111110001011111111010111100111101111
1101111101111110111101111001111111000101101111111001100111101110
1111111011011110111110110001101011101111111010111111101111111101
1111010111111011111101111011111011111111100110111111101101011111
1110110111111011111101111011111011111110100011100011101111111100
1111101111110110101011111110111111011011011111000111101101110110
1010101011011010111101111011111111010101101111111001110111101110
1101111011111010101111011110101111011101111010111011111101110110
1101101111111101110111011110001101101111111010111011110111010110
1010110111111010101011111111011101111001001110111111111100110111
1111011011011110101011111111001011101111111010101111110110101111
1100101111100111011111000101011011111111011010111001100111101111
1010110111111010101011011110101111011101101111111111101101011110
1111011011011110101011111110111111011011011111111111101110101111
1111001011011110101011111111001101101111111111000111110111010110
1010111011111010101101011110111101011011011111111111101110101111
1010111011011010111101111011111111000101101111111001110111101110
1111111011011110111110110001101011101111111110111111111100110111
1111011011011110111001011111101011100100011011111111111110101111
1100110111111011111101111011011011111101101111111001100111101011
1111001101111011111101111011111111000101101110111111011101110110
1110111111100111111101111011111111001011010011111111101111101100
0101001001101111110111011111001011100100011011111111111110101111
1111011011010110101011111111001101110001111111001111001111110101
1111111111111011111111111011111011111110000011100011110111101110
1010110111111011111101111011111111011011011111000111110111010110
1101111001111010101011111111001101101111111010111011111101110110
1001101111100111101011011111111111000101101110111001100111101111
1101111001111010101111111011111111000101101110111111011100101101
1010110111111010101011111111001101101111111010101011111101110110
1110111111101111111001011111111011111110100011100001111100110111
1111011011011110101011111111001011101111111010101011110001011110
1111101111110010101011111110111111001010111001110111110111010110
1111001011111110101001111011111111001010111001100111110100010110
1111111011011110101011011111111111000101101111111001100111101111
1111001111111000101011101111001110110111111111011001111000110110
1010110111111011111101111011111011111111011010111111111100111100
1111011011011110101011011111111111000101101111111001101000111111
1111101111110110111011101111001110110111111101011011111000111011
1010010111111011111101111011111011111111011010111111111100111101
1010110111111011111110110001101011101111111010111111111100110111
1010110111101111011111000101011011111101111101100111110111010110
1111011011011111011111000101011011111110111001111011101111111100
1000110111111011111101101011111011111111111111000111111111101010
1101111001111010101011011110101111111111011010111111111100111100
1010110111111011111101111011011011111101101111111001100111101111
1111011011011111011111000111011011111110110111010011101100110111
1111001111111010101011111111111111111110100011100011111001100101
1111010111111001111101111010101111011101101111111001111110110010
1101111001111010101111100111010000110001111111011011101100101001
1101111001101111111110111011111111110001111111011011001101111000
1001101111100111111101111011111111000101101110111111111100110111
1111001111111011111101111111011110001111011010111111101101110110
1011001111111110101011111011111110001001100110111111111101011110
1101101111111101110111011110011110011110110111010011101111111100
1010110111111011111011111110111111011011011111000111110111010110
1101111001111010101011111111001101101111111010111011011101110101
1111010111111011101111011110111111011000001111111001100111111100
1010110111111011111101111111011110001111011010111111111101110110
1001101111100111111001011011111111110001111111111001101101111100
0110011111100111111001011111110111111110100011100011101111111100
1101111001111010101011111111001101101111111010111011111101110110
1010110111111011111101111010101111011101101111111001111100110111
1111001111111000101011111111001011101100011011111111111111010110
1111101111111110101011111111001101101111111110111011111101110111
1101111001111010101101011111011000110001111111011011101110110010
1111011011011110101011111101001011101111111010111111101101110110
1001111001111010101111011110101111011101100011100011101111111100
1111011011011110101011011111111111000101101111111001100111100111
1111011011011111111110110001101111101101111010101111101110110010
1111001011111110101011111011111111000101101111111001100110110111
1101111101111110111110000010101011111011111011111010101111111100
1111011111111011111101111110101111011101101111111001001110110010
1100111001111010101011011110101111011101101111111111101101011110
1101101111110110101011111110111111011101101111111001110111101110
1111011011011110101011111111001011101111111010111111111100110111
1010110111111011111101000101011011111110110111010011101111111100
0101101111100111011111000100011011111111011010111111111100110011
1101101111111101110111011110111101011000001111111001100111101111
1111101111111110101011111111001001101111111010111011111101110111
1010110111111011111101111011111011111110100011100011101111111100
1101111011111001101111111011111011111110100011100011111100110111
1001101111100111111100110001101011101111111010101111111111011111
1111111011011110111111111011111110000101101111111111101011001110
1111010111111001111010100101110101010101111011000111110111010010
1111111011011110111110110001101011101111111010101111101110101111
1110111111110011100111100101111101010111111111000111110111010110
1111011011011111011111000101010011111101111101100111110111010111
0101001001111011111101111011111111000101101111111001100011101110
1101111001111010101001111111001101101111111010111011110111010110
1111101111111110101011111111011001111111111101000011110111010110
1111100111111010111101111011111011111110010011111111101111101100
1101111001111010101110110001101011101111111010111111111100110111
1111011011011111011111000111011011111110101111111001100111101111
1101011011011110111110110001101011101111111010101111111011011110
1010110011111011110101111011101111000101101111111001100111110101
1010110111111000101011111111001011101100011011111111111110100111
1101111101111110111110011110111111000101101111111001100111101111
1000110111111011111100111011111011111110010011111111101111101100
1101111001111010101101011110111110011011011111011111100100101101
1111101111110110111101011110111111011011011111111111101110101111
1001101111100111111001011111111110110111111101011001111000111111
1000110111111010101011111111101101101111111010111011111101110110
1100101111100111011111000101001011100100011011111111111110101111
1111101111110110111011101111001110110111111101011001111000111111
1111101111111110101011111111001101101111111000110011111101110110
1010110111111011111101111111011110001111011010111001100111110101
1110110111111011111101111111001101101111111111010011100001110111
1001101111101111101011111111001101101111111010111011111101110110
1010110111111011111101111011111011111111100110111111101111011110
1111111001101011111101111011111011111110000011100011111011110101
1111011011011110111110110001101011100101111101100111110101101011
1101111001111010101111011111111111011001001111111001111100101111
1010111011111011111111000101011011001010111011100011111011110101
1111001111111010101011111111011101111001001110111111101011001011
1111101111110110100111111111001101101111111111000111110111010110
1111011011011110101011111111011101111001001110111111111100110111
1000101111111011111111111011111110001001100110111111101101011110
1001101111100111111001010111110101010111111101000111111101110110
1001110111111011111101111011111011111110100011100011101111111100
1010110111111011111101111011101011101101110010101101111111011111
1110110111111011111011111011111110001001100110111111101101011111
