1101101111101101110111011011111111000101101111111111111101110110
1010110111111111111101111011101011101101101010101111111100110111
1111001011111011111101111011111111000101101110111111011100101101
1111111111111011111101111011111111000101101101011011111000111011
1101111101111111111101111011111011111110100011100011111100110111
1111011011011110101011111111011101111001001110111111111100110111
1010110111111011111101101011111011111111111111000111111111101010
1111111001111010101001111111001101101111111010111011111101110110
1111011011011111011011111110111111011011011111000111101101110110
1101101111111101110111011011111111000101101111111011101011001110
0111011111111010101011111110111111011001011111000111101101110110
1010110111111011111101111111001101101111111010111011111101110110
0011011111111011101101111011011011111101101111111001100111101101
1101111101111110111101111001111111000101101111111001100111101110
1010111111101111111001011111111111000111101111111001110111110110
1011110111111011111101111011111111000101101111111111101001001110
1010110111111011111101111011011011111101101111111001100111101011
1111001111111011111101111111011110001111011010111111101101110110
1111101111111110101011111111001001101111111010111011111111101110
1000110111111011111101111011111011111011111111000111111111101010
1111001111111110101101111011111111001111111010111011111101110110
1111011011011111011111011011111011111110100011111111101011001101
1110110111111001111111111011111110001011111110111001001110101111
1111011011011011111101111001111011111011100110111111101101011111
1111011011011110111101111011111011111111100110111111101101011111
1111101111111110111101111011111111001111111010111011111101110110
1010110111111010101011111111001101100111101111111001110111101110
1111111011011110111110110001101011101111111010101111110111101110
1111000101111011111101111111011001111111111101000011111111010111
1110110111111011111011111011111111000100101111111111111001110101
1010110111111011111101111010101111011101101111111001111110111010
1111011011111111011111000111011011111111011010111111111100111100
1010110111111011111101111011011011001010010011111111101111101100
1111011011011011111001111011111011111111011010110111111100111101
1010111011011010111101111011111011111110010011111111101111101100
1010110111111011111111111011111110000101101111111111101111101100
1111111111111011111101111011111111000101101111111111101001000110
1111011011011110111011111110111011111111111111000111111111101010
1010110111111011111101111010101111011101101111111111101011001010
1010110111110011101111010110101111011101111010111011111101110110
1111111011011110111110110011111111001111111010111011111101110110
1010110111111011111101111011111011111111100110111111101111011110
1010110111111011111101111011111011111111100111111001110111101111
1100110111111011111101111011011011111101101111111001100111100010
1111010111111011111101011011111011111111001110111111111100110111
1111001111110010101011111011011101111101111101101111111111010111
1010110111111011111101111011111111000101101110111111011100101101
1111111011011110101011011111111111000101101110111001100111101111
1010110111111010111101111011111011111101101111111111101001001110
1111011011011111011111011011111011111110100011111111101011001100
1111101111111110101011111111001001101111111010111011111101110111
1111101111111110101011111111001101101111111100111001111101110111
1101101111110110101011111110111111011101101111000111110111010110
1111011011011110101011111110111111011011011111111111101110101111
1101111001111010101011011110101111011101101111111001100111101111
1111101111111110101001011111111111000111101111111001110111101110
1010110111111110101011111111001001101111111010111011111101110111
1111101111111011111101111011011011111101101111111001100111101111
1101101111110110101011111110111111011101101111100011111100110111
1111011011011110101011111110101111011111111110111111111100110110
1010110111111011111101111011111011111111011110111111101101011011
1111101111111001101111111011111011111110100011100011111100110111
1111011011011010111101111011111011001111111010111011111101110110
1111011011111111011111000101001101101111111010111011111101110110
1111001101111011111101111011101010101111111010111111111000110111
1111011011011110101011111111001011101111111010111111101111011110
1010110111111001111101111010101111011101101111111101111110110010
1101111001111010101011111111001101101111111010111011011100111101
1111010111111110101111011111111111000101101111011011100111101111
1010110111111010101011111011011101111001001110111111111100110111
1110010111110111111100110001101011101111111010101111111111011111
1111001111111011111101111111001110011011101111111001100111101111
1111111011011110101011011111111111001111111110111011111101110111
1101111101111110111110011110111110000101101111111011111101110110
1111010111111111101111011110111111011000001110111111111100111100
1111101111111101110011111110111111011011011111111111101110101111
1111111001111110101001111011111011111111100110111001001110101111
1111111011011110111110110001101011101111111110111111101111001110
1111101111110110101011111110111111011011101111111001100111101111
1111001101111011111101111011111111001111111010111011111101110111
1010110111111011111111111011111111000101101111111111101001001110
1111011011011110101011111111011101111001001110111111111101001011
1111101101111110111110011110111111000101101011111001100111101111
1010110111111011111101111111001101101101101111111001111100110111
1111111011011110111111111011111110000101101111111111101011001100
1001101111100111111001011111110101010111111111000111111110101111
1111010111111011111101111011111011111011011111111111101110100111
1111011011011111011111000101011011111110111001111011111100111100
1111001101111011111111111111001101101111111010111011111101110110
1010110111011011111111111011111011111110101111111111111100110111
1111101101101010101111011110101110011101101111111001111000110111
1111111011011110110110110001101011101111111010111111101101011111
1111101111111110101110110001101011101111111010101111101110101111
1111010101111011111101111011111011111111100110111111101111011110
1101111101111110111111000111011011111110101111111001100111101111
1111111111111011111111111011111011111110000011100011111101110110
1111010111111110111110000010101010111011111010111111011101011111
1111011011011110101011111111111011111111011010111111111100111100
1010110111111011111101111111011110001111011010111111111101110100
1111111111111011111101111011101011101111111110111111111100110111
1111111011011110101011011011111111001011010011111111101111101100
1111010111111111101111011110111101101111111010111001111101111111
1010110111111011111101111010011101111001001110111111011100101101
1111100111111010111101111011111011111110010011111111101101110110
1111111111111011111111111011111011000101101111111111111011001110
1111111011011110101011011111111011111110001111011111100101110110
1111111111111011111111111011111011111111111111010011100001110111
1011011011011011111101111011111011101111111010111111111100110111
1101111001111010101011111111001101000101101111111001110111101110
1111111001111010101001111011001101101111111110111001111101110111
1111001101111011111101111011110011111110100011100011101111111100
1010111011111011101101011110111101011011011011100011111100110111
1111111011011110111010110001101011101111111010101111101110101111
1010110111111011111101111011111111000101101111111001100111011110
1111111011011110111110110001101011101111111110111111101111011110
1111101111111110101011111111001001101111111010111011111101110100
0111011111111011111101101011111011111111111111000111111111101010
1111101111111110101011111111001001101111111010111011111101110111
1011001111111110111101111011111111100101101111111111101001001110
1111011011011110101011111110111110011011011110111111101011010110
1010110110111011111101111011011011111101101111111001100111101011
1101100111101111101011111101001101101111111010111011111101110110
1010110111111010101011111111001101101111111110111111111110100111
1010110111111011111101111011111011111101101111111001100111101111
1101101111110110101001101011111011111111111111000111111111101010
1010110111111001111101101011101011101001111010101111111111010111
1111111111111011111111111011111011111110000011100011110111101110
1010110111111011111101111011101011101101111101000011111111011111
1010110111111010111101111011101011101101011010111111111100111100
1111111011011110111110110001111011101111111010111111101111001110
1010110111111011111101111011111011111111111110111011111101110111
1111101011011110101011011111011011111100110101010011101111111100
1111111011011110111110110000101011101111111010101111101110101110
1110010111111011111101111011111011111111011010111111111100111101
1010110111111011111101111011111011111111111010101111110110101110
1111010111111011111100111011111111000111101111111001110111101110
1111010111111011111101111011000101101111111111000111110111010110
1101111101111110111101111001111111010101101111111111101101011111
1001101111100111111001011111110101010111101111111111101001001010
1111101111111110100011111111001101101110100011100011101111111100
1001001111111110101101111011011101111001001110111111011101101101
1111111111111011111111110001101011101111111110111111111100110111
0010110111111011111101111011111011111111101111111001100111101011
1111101111111110101011111111001001101110111010111011111101110110
1010110111111011111101111111001101101111111111011111101111101101
1111111011011110111110110001101011101111111111101111101111100100
1101101111111011111101111011111011111111100110111111101101011111
1111101111100110100111111111001101101111111111111001100111101111
0111011111111011111101111011111111001111111010111011111101110110
1111011011011011111101111011011101111001001110111111111100110111
1111101111101111101011111111001101101111111010111011110101110110
1010110111111011111101111011011111000101101111111111100101111111
1111011011011111011111000111011011111110101111111111111100111100
1111011011011110101011111101001011101111111010111111101101011011
0111011011001011111101111011111011111110011111111111101110101111
1110110111111010101011111111001011101111111010111111111100110111
1111001111111011111101111111011101101110111010111001100111101111
1001101011011110101011111111001101101111111111000111110111010110
1100110111111011111101111011011011111101101111111111111001110101
1011001111111110101011111111011001111111111101111111111100110111
1111101111110110111101011110111111011011011111111111101110101111
1101101111111101110111011110011110011110110110111111111100111100
1111111011011110111111111011111110000101101111111111101011101011
1111101111111110101011111111001101101111011110111001110111101110
1010110111111011111101111011011101101101011010011111111100110111
1010011011011110101011111111001011101111111010101111110110101111
1111101111110110111101011110111111011011011111111011111110110010
1111110111111010111101111111001101101101101111111001111100110111
0111011011011110101011111111001011101111111010111111111100110111
1010110111111011111101111010101111011101001111111001110111101110
1010110110111110101011111110111111011011011111111111101110101111
1111111001111010101001111011111111010101101111111101111001110111
1110110111111010101011111111011101111101001110111111111100110111
1110011011011111011111000101011011111110101110111111111100011111
1000110111111011111101011011011011111101101111111001100111101111
1000110111111011111101111011111111010101101111111111111001110101
1110111111100110101011111110111111011011011111111111101110101111
1010110111111011111101111011101011101101111010101111111111010111
1111111111111010111101111011111011111110010011111111101111101100
1110110111111001111111111011111110011011101111111001100111101111
1011001111111110101011111111011001111111111101111111111100111100
1111011011011110111110110001101111101101111010101101111111011111
1111011011011010111101111011111011111111111011111110101111011100
1111101111110110101011111110111111011011101111111001100111101111
1010111111111011111111111011111110001001100110111111101101011110
1111001011011110101011111111011101111001001111111111101110101110
1111010111111001111101011110001101101111111010111011110111010110
1110110111111011111101111011001011101111111010011111111100110111
1010110111111011111101111011111011111111100110111111101111011110
1010111001111010101011111111001101101111111010111011011101110101
1001101111101111101011011111001101111101101111111001111100110111
1111101111111110101011111111001101101111111000110001100111101111
1111010111110111111100110001101011101111111010101111111111011111
1111111011011100111111111011111110000101101111111111101011000110
1110110111111001111111111011001001101111111111000111110111010110
1111101111110110101011111111101101101111111010111011111101110110
1110110111111011111011111011111011111111100110111111101111011110
1010110111111011111101111011011101111001001110111111011100110111
1101111001111010101011111111001101101111111010111011111101110110
0111011111111011111101101011111011111111110111000111111101101010
