1101111111110011111111110001101011101111111110111111111100110111
1111111111111111011111000111011011111111011010111111111100111100
1111111111111011111111110001101011101111111110111111111100110110
1111101111110110101011111111101101101111111010111011111101110111
1111011011011110101011111110111111000111101111111001110111101110
1101101111111011111101111011111011111111100010111001111111101110
1111111111111011111111111011111011111111101111011101111111011111
1111111111111011111111111011111011111110000011000011111101110110
1111101111110110111101011110111111011011011111111111101110101110
1111101111110110101011111110111111011011101111111001100111101111
1111010111111011111101111011111111001111111110111011111101110111
1111111111111110111101111011111011111110010011111111101001110101
1111011011011110101011111110111111011011011111111111101110101011
1111010111111011111101111111001101101111111100111001111101110111
1111110111111011111101101011111011111111111111000111111111101010
1011101111110110111101011110111111011011011111111111101100101111
1111101111111110101011111111001001101111111010111011111101110110
0101101111111011111101111011111101101111111010111001111101111111
1111011011011110101011111110111101011011011111111111101110101111
1010110111011010101011111011011101111101111101101111111111010111
1111011011011111111101111011111011111011011111111111101111100111
1111001101111011111101111011111011111110010011111111101111111100
1011011011011111011101000111011011111110101111111111111100111100
1100110111111011111101111011011011111101101111111111111001110100
1111101111111110101011111111001001101111111010111001100111101111
1111010111111111101111011110101011101111111110111111111100110111
1111101111111110101011101111001101101111011110111001111111010111
1111111011011110111110110011111111001111111010111011111100110110
1111111011101011111101111111001101101111111111011111101111101101
1111101111111101110011111110111111011011011111111111101100111100
1111111011011110111110110001101011101111111110111111101110101111
1111101111111111101011111111011001101111111011011111111100110111
1111010101111011111101111111111011111111100111111110101111011101
1111111111111011111111111011111001111111111101111111111100111100
1111111111111011111111110001101011101110100011100011111100110111
1111011011011110101011111110101111011110101011111111111100110111
1111100101111010110011111110111111011011011111111111101110101111
1010110111111011111101111011011111000101101111111111100101110110
1111010111111011111100111011111111001111111110111011111101110111
1111010101111011111101111011111011111111100110111111101111011110
1111111111111011111111111011111011111110101111111001100111101111
1110110111111010100011011111001011101111111110111001110111101110
1111111111111011111111111010111011001111111010111011111001110110
1111111011011110101011011111111111001111111110111001100111101111
1111001111111110101101111011111111001111111010111001100111101111
1010110111111011111101101011111011111111111010101111110110111111
1111010111111111111111011110111101101111111110111011111101110111
1111010111111111101111011110111101101111111010111111111100110110
1111010111111011111101011001101011101111111110111111111100110111
1111101111111110101011111111001101101111111100111111101111011110
1111111011011110100011111110111111011011011111111111101111011110
0111010011001011111101111011111011111110011111111011111000111001
1111011011011110101011111111011101101111111010111001111101111111
1111101111111101110011111110111111011011011111111111101110101010
1111101111111011111101111011011011111101101111111001100111101111
1111111111111011111111111011111011111110101111111111111100110111
1010110111011011111111111011111011111100101111111001111110111010
1111110111111010111101111011111011111110010011111111111101110110
1101101111111101110111011110011110011110110110111011111101110111
1011011011011011111101111011111011101111111010111111111110101111
1000110111111011111101111011111111010101101110111011111101110110
1111111111111111101111011100111101101111111010111001111101111111
1110110111111011111011101011111011111111110111000111111101101010
1110111111100110101011111110111111011011111111111111101110101111
0010110110111110101011111110111111011011011111111001100111101111
1010110111111011011101111011111111100101101111111111101001001110
1111111011011110101011111111001001101111111010111011111111101110
1111011011011110101011111111001101101101101111111001111100110111
0111011011101011111101111011111011111110011111111111101110101111
1111101111110110111101011110101111011111111111011111101111101101
1110111111100110101011111111111111000101101111111111101001001110
1111111111111011111111111011111011111111111010101111110010101110
1111101111110110111101011110111111011011011111111111101101110110
1111101111110110111101011110111111011011011111111111101110101111
1110110111111011111011111011111111000100101111111111111001110100
1111111111111011111101111011111111000101101111111111111100111100
1111011011011110001011111111001011100111101111111001110111110110
1110110111111011111011111011111011111111100110111111101111011110
1110110110111011111011111011111011111111100110111111101111011111
1111011011011110111101111011111111001111111010111011111101110110
1010110110111011111101111011001101101111111010111011111101110110
1111110111111010101011111111011001101111111111111111111100110111
1111101111111110101011111111001001101111111010111011111101110111
1111010111111011111101111011111011111011011111111111101110100111
1111101111111110101011111111001001101111111011010011100001110111
1111010111111011111101011011111011111111001110101111101111011100
1111100111111011111101111011101011101111111110111111111100110111
1110100111111011111101111011111011111111100111111000110111101111
1111111111111011111101111011101011101111111010111011111101110110
0111011111111011111101000111011011111111011010111111111100111100
1111111011011111111111111011111011111110101111111101111100110111
1010110111111011111101111011111111001011011111111111101100101111
1111010111111001111101111011111011111111111011111110101111011100
1111011011011110101101111011111011111111100111111001110111101111
0111011011001011111101011011111011111110011111111111111100110110
1011001111111110101011111111011001111111111101000011111111010111
1111001100111011111001111110111111011011011111111111101110101111
1110110111111010101011111110111111011011101111111000100111101111
1010110111011011111111111011111011111110101111111111101000101111
1111101111110110101011111110111111000101101111111111100101111111
1111011011011110101011111111111111011011011111111101101110101011
1010110111111011111101101011111001101111111010111011111101110111
1010110111111011111101111111001101111111111110111011111101110111
1111101111111110101011111111111011111111100110111111101111111110
1111011011011110001011111110111011111111111111000111111111101010
1111011011011110111110110001101111101101001111111111111100110111
1111001101111011111111111111001101101111111010111011111100110111
1010110111011011111111111011111011111100101111111111111001110101
1010110111011011111111111011111011111110101111111111111100110111
1010110111111011111101101011111011111111111111111111101101011111
1010110111110110101011111111101101101111111010111011111101110111
1111111101111011111101111011111111001111111010111011111101110111
1111101111111110101011111111001001101111111010111111111100110111
1110110101111010101011111111001011111111111010101111110110101110
1111111111111011111101101011101101101111111111011111101111101101
1111010111111011111101011011111011111111001110111101111100110111
1110010111111011011111000111111011111111011010111111111100111100
1011001111111110101011111101011011101111111110110111101111011110
1111011011011110111011111110111011111111111111000111111111111110
1010110111111011111111111111011110001111011010111111111100110111
1010110111100011111101111011001101101111011110111001110111101110
1010110111111011111101111011111011000101101111111111101001001110
1111111111111011111011011111111111001111111110111011111101110111
1111101111111011111101111011011011111101101111111001100111101111
1110110111111001110101111111011110001111011010111111111101110100
1111001111111011111101111011011011111101101111111001100111101111
1111111011011111111101011011111010111111001110111111111100110111
1110110111111011111011111011111011111111011110111001110111101110
1010110111111110101101111111111111001111111010111011111101110110
1110010111110111111100110001101011101111111010101111111111011111
1100110111111011111101111011011011111101101010111111101101110110
0111011111111011111101111011111011111101101111111001100111101111
1010001111101110101011111111011001111111111101111111111110101111
0111011011001011111101111011111011111110011111101111101110101111
1110011011011110111101111011111011011011011111111111101110101111
1010110111111011111101111011111011111101001110111111111100110111
1111111111011110101011011111111111001111111110111011111100110111
1111111111111011111111111011111011010101101111111111101101011111
1101101111101011111101111011111011111111100110111111111100110111
1111101111110110111101011110111110011011101111111001100111101111
0111011011011110111011111110111011111111111111000111111111101010
1111111111111011111111111011111011000101101111111111111001011111
1011110111111011111101111011001011101111111010011111111100110111
1111111011011110101011011111111111001111111110111011110110101110
1111101101111110101011110111011001111111111101111111111100110100
1111101110111110101011111111001001101111111010111011111101110111
1111111111111011111111111011111011000101101111111111111101011011
1111001111111011111101111011111011111011011111111111101110100111
1010110111111011111101111011111011111101101110111111101100110111
1111011011011110111101111011111011111111100110111111101111011110
1110110111111011111101111011111011111111100111111000010111101111
1111101111111110101011111111001001101111111010111011111101111111
1111001111111011111101111111011110001111011010111111101101110110
1111101111111010111001111010111011111110010011111111101101110110
1111111001111010101001111011111111010101111110111011111101110111
1111011011011110101011101110111111011011011111111111101110111100
1010110111111011111101111011101011101100111110101111111111010110
1111111111111011111111111011111011111111111111100011110111101110
1111111111111010111101111011111011111110010011111111101110100111
1000110111111011111101111011111011111111111010101110101111011100
1010110111111011111101111011111011111011011111111111101110100111
1111101111110110101011111111011110001111011010111111101101110010
1111011011011110111011111110111111000100101111111111111001110101
1111011011011110101011111110111111011011111010111001111101111111
1111111111111011111111110001101011101111111110111111111100110111
1111011011011110101011111110101111011101101111111111100101111111
1111111111111011111111111011111011111111111111000111111111101010
1111010111111011111100111011111011111011011111111111101111100100
1111010111111011111111111111001101101111111010111011111101110110
1111101111111011111101111011011011111101101111111101101101011111
1111001101111011111101111011111111001111111011111011111110110010
1010111111101111111001011101111111000111101111111001100111101111
1111011011011110101011101110101111011111111110111111111100110110
1010110111011011111111111011111011111110101111111111111100110111
1111111111111011011111111011111011000101101111111111111011001110
1111011111110110111101011110111111011011011111111011111110110010
1111101111111110101011111111001001101110111010111011111101110110
1111010111111011111101011011111011111111100110111111101111011110
1111010111111111101111011110111111011000001110111111111111011111
1111011011011110111011111110111011111111100011100011111000110111
1010110111111011111101111011111011111111011010111111111100111101
1010110111111011111101111011111011111111100110111111101111011110
1101011011010110111101111011111011111111111110111011111101110111
1111010111111011111101011011111001111111111101111111111100110111
1111111011011110101011011111111111001111111110011011111100110111
1111001111111110101011111111001001101111111010111001110101110110
1111011011011110101011111110111111011011011111111111101110101101
1111111111111011111101111011101011101111111110111111111101110111
1111111111111011111111111010111011111111111011111110111111011100
1111101111111110111101111011111011111111011010111111111100111101
0110010111111011111101111011111011111111111010111011111101110110
1111111111111011111111111111111011111111111111010011100001110110
1010110111111011111101111011111011111111001110111111111100110111
1111101111111110101011011111111111001111111110111011111101110111
1111101111111101110011111110111111011011011111111111101110101111
1010110111111011111101111001111111010101101111111111101101011111
1111010111111011111101111011111011101111111110111111111100110111
1010110111111010111101111011111011111111011110111111101101001011
1111111011011110101011011111111111001111011110111001110111101110
1111011010011110101011111110111111011011011111111111101110101100
