1111101011111011111101111111111001111111111110011101111100111111
1101101111100111111101111111001101100110110011111111101111101111
1111101011111011111101111010111111001111111111010110110011111111
1111101111101111011101111011111111000110111111111111111111101101
1111101101110110001111011111001101101111111111110111111111101111
1111001111111001111101110011111011111111111111010111101111101111
1111001111011010101101101111111111101101111101010111111011101111
1111111011111011111111011011011101101111111111111111101111101111
1111101111111001101111111011111101111111000110111111111111101111
1111111011111010111111011111101101101111111111110111101111101111
1111101011111010111111010101101111101111101111110111101111101111
1111101011111001111111011101110011111111011111111111101111101111
1111101101111010101111011011111111110101111111101101110101101111
1111011111010111101101111111111111000111111111011111110101110011
1110101111111001101101111011101111111011111111010111100111101111
1101101111111011111101111011111101101111111111011111101111101111
1111111001111110101111011011111111111101111111111111110101101111
1111111101111011001101011111111111101111111111111111110101111111
1111011111111010111111101011111111000000010101111111101111101111
1111101111110111111101111101101011101111111101111111101111101111
1111111101111011011110101111111111000110111011111111101111101111
1111111011111010111111011111001101101111111111110111111111101111
1111011011111011001101011111111101101111111111111111101111101111
1111111011111010111111011111001101101111111111010111101111001111
1111101101101111111110011101101101101111111111111111111101101011
0111111011111011001101011111111111000111111111010111101111001111
1111011111111011111101111111111111000110110011111111111101111111
1011111011110111111110111011100111101111111111111111010101110111
0111010011110101111111011011111111111101111111111111110101101111
1111111011111010111111011111001101101011111111111111101111101111
1111111011111010111111011111001111000110110011111111111101111111
1110011111010111101101111110111101101111111111011111010101101111
1111101011111011111101111010111111001111111011010110110111110111
1111101111111000101101011110101011101111111111111111101111101111
1111111011111011111101111111111111000110110011111111111101111111
1111111011111011111111111011111101111111010110111110110111111111
1101101111111101111111011011111111000111111111111111101111111111
1111101111111001101101111011111011101111111110011101111111101101
0110010111100101011100101001111101101111111111111111101111101111
1111011111011010101111011011111111111101111111111111110101101111
1111111011111010111111011111101101101111111111110111101111101101
1111101111111000101011100111001101101111111111010111101111101111
1111011111011010101111011011111111111101111111111111110111101111
1111111011111010101111111110111110101111101110011111110100111111
1111101111100111111101111111001101101111111111010111111111101111
1111011111010111101101111111111111000111111111010111101111011101
1111111101111011001101011111111111101001111111111101101101111011
1111101011111001111111011101101101101111111111110011101111101111
1101111011111010111111011111001101101111111111110101101111111111
1111111011111011111101111111111111000111111111111111101111101111
1111111011111011111101111011111101101111111111010111101111101111
1111101101101111111101111011111111001111111101111110101111101111
1111101111100111101101111111001101101111111111010111101111101111
1111111011111010111111011111011101101111111111111111101111101111
1111101111101111011101111011111111000110111111111111111111101111
1111111011111010111111011111001101101111111111010111111111111101
1111111101111010111111010101101111101111101111110111101111101111
0111101011111011111101111011111101101101111111111111101111101111
1111101011111011111101111011111101101101111111111111101111101111
1111111111101101011110101111111111000110111111111111110111101101
1111111111111001101101111011101111111111111111010111101111101111
1101001111011010101111111111111111101101111111111111101111101111
1111111011111010111111011011011101101111101111111111101111101111
1111111101111011111101111111111011111111111110010101111111101011
1111011011010111111111011111001101101111111111010111111111101111
1111111101011011001111011111001101101111111111110101101111111111
1111111011111010101111011110110111010011111111111111101111101111
1111111111101101011110101101111101101111111111111111101111101111
1101101111110101111111011011011111000111111111111111101111101111
1111111011111011111111111011111101111111010110111111111111111101
1111111011111011001101011111111110011011011011011101110111111101
1011011000111010111111011011111111101001111111111111101111101111
1111111011111011001101011111111111101111111111011111010101111111
1111001111011010101111111111111111101111111111111111100111101111
0110010111111011111101111011111111000111111111111101110101101111
0110011111010111111101111110111101101111111111111111101111101111
1111101111111001101101110011111111000110110111110111101111101111
1111101111100111111101111111001101101111111111111111101111101111
1111111111101101111111011001111111000111111111111111101111111101
1111101011111011111101111011111101101111111111111111101111101111
0111101111111010001111001111001011101111111111111111101111101111
1111111011111010111111001111001101101111111111010111111111101111
1101101111111101111111011011111111000110010111110011101111100111
1111101111111000101011100111001111101111111111110111111111101111
1111101111110110001111011111001111101111111111110111111101110001
1111001111101111111101111011111111000111010110111111101111101111
1111111011011010111111010101101111111111101111010111110111101111
1111111011111010101101011111111101101111111111111111001111101101
1111111111101101011110101111111111101111111111011111011101111111
1111111011111010111111010101101111101111101111010111101111101111
0110011111010111111101111111101101101111111111010111101111101101
1111111111101101011110101111011111000111111111010111101111101111
1111101111111001101101111111001100101111111111010111101111101111
1111101111111010001111001111001111000111111111111111101111101111
1111111001101010101111011110111101101111111111111111101111101111
0110011111010111111101111110111101101111111101110111111111101111
1111111011111010111111011111001101101111111111010001111111101101
1110011111111010100111011111111101101111101111111011101111101111
1111101101101111111110011101101101101111111111111101111111111111
1111011011010101101101111101101011111111111111111111101111101111
1111101111100111111101111111001101101111111111010111101111101111
1111101111100111111101111111111101101111111111111111101110101111
1111111011111011111101111011111101101101111111111111101111101111
1111111011111010001111011110111111001111110011111111101101101111
1111111101111011001101011111101111101101111111111101101111101111
1111101111100110111110011111011110011111010110111111110001111111
1111111001111010100111011111111101101111101111111111111111101101
1111111011111011111101111111111111000110110011111111111001111111
1111011010010111101101111011101111111111111111010111100111101111
1111111001111010111111011111101111101111111111110111111101110101
1111111011111010111111011111101011111111111111111111101111101111
1111111011111010101101011111111101101111101111111111101111101111
1111101111111000101111011011111111101001111111111101101111101111
1111101111111001101101111011101111111111111111010111101011101111
1111011111011010101111011011111111111101111111111111110111101111
1111101011111011111101111011111101101101111111111111101111101111
1111111001111111101101100111001111101111111111111111111111101101
1111101011111010000111010101101111101101111111111111101111101110
1101101111111011111101111011111101001111101111011111110111101111
1111011111111010111111010001101111101101111111111111101111101110
1111111111101101011110101101111101101101111111111101111111111101
0110001111010111111101111110111101101111111111111111101111101111
1111111001101010101111001110011111101101111111111111110101111111
1111111111111001101101111011111011101111111110011101111111110101
1111101011111010101111011110101011101111111111111111101111101110
1101111011111010001111011111101101101111111111110111101111101111
1101111111101101011110101001101101101111111111110111101111101111
1111101111101111011101110101101011101111111111111111101110101111
1111001111111011111101111111111101101111111111000111101111100111
1111111011111010101101011111111101101111111111111111111101111111
1111011111010111101101111111111111000111111111010110110111111111
1111111111101101011110101111111111000100110111111011110101111111
1111011111110111111111011111001101101111111111110101101111101111
1111111101011011001101011111111101101111111111111111101111101111
1111111011111011111110011001111111000111111111111111101111111101
1111101110111001101101111011101111101111101111010111101111101111
1111011011111011111101111111111011111111111110011101111111101111
1111101111110110001111011111001101101111111111110111111111101111
1111011111010111101101111101101011101111101111111111101111101111
1111101111111001101101111011101101111111111110011101111111101111
1111111011111010111111011011011101101111111111111111101111101111
1111111111101001011111011011111111101001111111111101101111111111
1111101011111011111101111111011011111111111110011111101111101111
1111111101111011001101011111111111101111111111111111110101101110
1111111111011010101111011011111111111101011111111111110101101111
1111101111111010101111011111001101101111111111110101101111101111
0110010111111001101101111011111011111111111110011101111111101101
1111111111101101011110001101111101101111111111111111101111101111
1111011111101100101111011111111111101101111111111111110001111111
1111111101111011011110101111111111000110110111111011110111101111
1111110011111010101101011111111101101111111111111111101111101111
1111011111111010111111010001101111101111101111111001111100111111
1111111101111011001101011111111111101111111111011111010101111101
1111111011111011111101111011111101101111101111111111101111101111
1111101111111010001111001111001011101111111111010111101111101111
1111011111010011111101111011111101101111111111010111101111101111
1111111011111010111111011011001101101111111111010111111111101111
1111111011111010111111011111001001101111111111010111111110101111
1111011011101101011110100111001101101111111111010111101111101101
0111111101110010111111010101101011101111111111111111101111111111
1111111101111011001101011111111111101111111111011111001111001111
1101101111111101111111011011111111000111111111111111111111101111
1101111011111011001101011111111110000111010110111111101111101111
1111111101111011001101011111111111000110110111111011110101111111
1111111011111010111101111111111111000110110011111111101111101111
1111101111111011111101111111111011111111111110011101111111101111
1111101111101111011101111011111111000111111111111111111111101111
1111101111100110111110011111111110011111010111111111101110101111
1111101111100110111101111111001101100110110011111111110111101111
1111111011111010101101011111111101101111111111111111101111101111
1111111001111111101101100111001111101111111111110111110111101101
1111101111101111011101111011111111000110111111110111111111101111
1111111010110111101101111011101111111111111111010111101111101111
1111001111011010101111111111111111100011111111111111101111101111
1111111011111010110111011111011101101111111111110111100110101111
1111111011111011111101111011111011011111111111011111010101111111
1111111011111011101101111111111111000111111111010111100111101111
1111101101111111111110011101100101101111111111010110110111111111
1111101011111011111101111011111101101111111111010111111111111101
1111011011111011101111111011111101111111010110111111111111101111
1111111011111011111111111011111101111111011111111111110101111111
1111101111100111111101011111001101101111111111010111111111101111
1111111011101101011110101001111101101111111111110111101111101111
1110011111110111111110111111111111000111111111111111111111101111
1111011111111001101101011011111011111111111110011101111111101101
1111111011111011101101111111111111000110110011111111111111101111
1111111111011010111111110101101111101111101111110111001111101111
1111101111110111111101111101101101101111111111111011101111101111
1111101111111001101101111011101111111111111111010111101111101111
1110011111110111110111011111011101101111111111110111101111101111
1111101111101111011101111011111101101111111111010111111111101111
1111111101111011001101011111111111101111111111011111010111101111
1111111011111010110111011111011101101111111111110111101111101111
1111111011111010111110101001111101101111111111111111101111101111
1111011101011010101111011011111111111111111111110111101111101111
1111101111101111011101111011111111000111111111111101111111101111
1111111011111011111111010001101111101111101111110111101111101110
1011101111101010111111011111001101101011111111111111101111101111
1111001111111001101101110011111011111111111111011101111110101101
1111011111010111101101111111111111000111111111111111101111101111
