1111111011011011111111111010111011111111111011111111101111101101
1010110111111011011101111111001101111111111111111111111100111101
1011111110111111101111011100111101101110111010110001111101011110
1111111111111011111111111011111011000101101110111111111101011111
1111111111111011111101111011111011111111100111111111101111100111
1111111111111011111111111011111011111111111111110111111100100111
1010110111111011111101111111001101111111111110111111111101110111
0111111111111011111101101011101101101111111111011111101111101101
1111111111111110111101111010111111011011011111111111101110101011
1111111011110011111011111110111011111111111111000111111111111110
1111110111111110101011111111111011111111111110111011111101111111
1111111111111011111111111011111001111111101111111111101110101111
1111111111101110111101111011111011101111111111111111111100110111
1111111111111010111111111011111011111111111110111111101111111110
1111111111111011111111111011111011001111111110111011111101101010
1111111111111011111111110001101011101111111110111001111100110111
1111111111111011111111111011111011111111111111000011111111111110
1111111111111011111111111010111011111111111111000111111111111110
1111111101111011111111110011111011111111100110111111101111111110
1111111111111110101011111111111011111110101011111101111100100111
1111111111111111101111010101101101101111111111011111101111101101
1111111110111111101111011011111011001110111110111011111101110111
1111111111111111101111011100111111001110101111101001100111101111
1010110111111011111101111111001101111111111110111111101110100111
1111111111111011111111111011111011111110101111111001100111101111
1111010111111111111111011110111101101111111110111011110101110110
1111111111111011111111111111111011111111111111010011100000110110
1111111011011111111111111011111011111111101111011101111110110111
1111111111111011111111111011111011011111111111011111101111101101
1111101111111011111111111011111011101111110000111111101111101101
1111110111111010101011111111011001101111111110101111110010101111
0111111111111011111111111011111011000101101111111111101101110110
1111111111111110111101111010111111011011011111111111101111011110
1111101111111111111101111111111011101111111110111111111101110111
1111111011011111111111111011111011111111101111011101111110101111
1111101111111010111101111011111111011011011111111111101110101111
1111111111111011111111111011101111101111111111011111111101110111
1111111111111011111101111111001101111111111110111011111101011011
1111111111011110101011011111111111011011111111111111001010101111
1111111111111111101111011100111101101111111011111111111100110111
1111111111111011111101111010111011111111111111000111111111111110
1111111111111011111101111011111011111111111111111011111101110111
1111101111111011111111111011111011111110111111111111111100110111
1111101111111111101011111011111011111111111110101111110010101110
1111111011011111111111111011111011111111101111001111101111111110
1111111111111011111111111011111011010111111110111011111101110111
1111010111111011111101111011111111001111111110111011111100110111
1111111111111011111111111011111011111111111100111111111100110111
1111101111110110111101010110011011111111011010111111111100111100
1111111111111011111111111011111011111110001110111111111110011111
1111111111111011111101011011101011101111111110101111110111101110
1111111111111011111111011111111111001111111110111010111001110111
1111101111111110101011111111111011111111100110111111101111111110
1111111011011111111111111011111011111111101111011101111111011111
1111111111111011111011011111111111011111111110111011100111101111
1111111011011111111111111011111011111111111111100111111100110111
1111111111111011110111011011111011111111111110111111101110101111
1111111111111111101111010100111111111111111111100111111100110111
1111111111111011111111111011111011001111111110111111111100110111
1110100111111011111111111010111011111111111111000111111111111110
1111111111111011111111111011111011111111111110111011111101110111
1111111111111011101111110001101011101111111110111011111101110111
1111111111111011111101101011111011111111011111111111101110100111
1111101111111111111111111011111011111110101111111111111100110111
1111010111111010101011111111111011111111100110111111101111111110
1111111111111011111111110011111011111111100111111111101101011111
1111111111111011111111111011111011111111111010111111111110101111
1111111111111011111111110001101011111100001110011111111111011111
1111111111111011111101111011111111101111111110111111111101110111
1111111111111011111101101011101101101111111111011111111101110111
1111111011101011111101111111001101101111111111011111101101110111
1111101111111110101011111111111011111111100110111111101100110111
1111101111111110111101111011111011101111111111111111101110101111
1111111111111011111011111110111111011011011111111111101110101111
1111111111111011111111111011111011111111111010101111110010101111
1111111111111011111101111011111011111111111110111111101110101111
1111100111111011111101111011111111000101101111111111111100111100
1111010111111011111111111011111011011111111111011111101111101101
1111111111111011111111111011111011111110111111000111111111011111
1111110111111011111111111011111011001111111111000111111111111110
1111100111111011111101111110111101101111111010111111111101110111
1111111111111011111111111011111001111111111010111001111110101111
1111111111111011111111110011111011111111100111111111101111111111
1111111111111011111011110111111011101111111110111111111101110111
1111111111111011111111001010111011111110101110111111111110101111
1111111111111011111111111010111011111111111011111101111100110111
1111111111111011111111111111111011010101101111111111001101011111
1111101111111011111111111011101101100111111111011111101111101101
1111110011011110101011011111111111001111111010111111111110101111
1111111111111011111111111010111011111111111111000111111111111111
1111110111111010101011111111011001101111111111111111111110101111
1111111011111110100011111110111011111111111110111011111101110111
1111111111111011011111111010111011111111111111100111111111101010
1111111111111011111111111011111011111111111111111111101101011111
1111111111111011111111111011111011001111111110111011111101110111
1010110111111011111101111111001101111111111111111111111101110111
1111111111111011111111111111001101101111111010111011111101110111
1111111111111011111111111111111011001111111110111011111101110111
1111111111111010111111101011111011111111111010101111111111111110
1111011011111111101111011110101011101111111111111111111100111101
1011110111111011111101111111001101111111111111111111101101011111
1111111111111011111111111011111011111111111111100111101111111110
0111101111111011111111111011111011101111111110111111111101110111
1110111111111011111011011111111111001111100111111110101111111101
1111111111111011111111101011101101101111111111011111101111101101
1111111111111011111101011111111111001111111110111011111101100111
1111111111110011111111111011111011111111101111011101111111011111
1111111111111011111111111011111011101111111111011111101101101101
1111111111111011111101101011111011111110101111111101111100010111
1111111011011110101011011111111111001111111010111111111110101111
1110111011011111111111111011111111111111011111111111101100011111
1111111111111011111111110011111011111111100110111111111110101111
1111111111111110111111111011111011011111111111011111101111101101
1111111111110011111011111110111011111111111111000111111111111111
1111111111111011111111111011111011111111111010101111110010101110
1111111111111011111111111010111011111111111011111111111100110111
1111111111111011111111111001111011111111101111011101111110101110
1111111111111011111111111111111011111111111111010011111100110111
1111110111111011111101101011111011011110101011111101111100110111
1111111111111011111111111010111011111111111111000111111111111111
1111111111111011111111111011111011111110101111111001100111101111
1111111111111011111111111011111011111001011111111111101110101111
1111111011011110101011011111011111001111111010000111111111111110
1111111111111011111111111011111011111110101111111111111100110101
1011111111111011111111111011111011111111101111011101111110101110
0111111111111011111111111011111011111110111111000111111111011100
1110101111111110101011111111111111101111111111111111101101011111
1111111011011110100011111110111111011011011111111111101111011110
1111111011111010111011111110111011111111111111000011110111111110
1111111111111011111111111011111011111111111111100111111100101111
1111101111111110101011111111111011111111100111111111101111101101
1111110111111011111111111011111011111111111111100111111100110111
1111111011011111111101111011101011111111111110111011111101110111
1101111101110011111011111110111011111111111111000111111111111110
1111111111111011111111111011111011111110101111111111111001011111
1111101111111011111111111011101011010101111111111111101110101101
1111110111111011111111111011111011101111111010111111111110101111
1111111111111011111111111011111011111101111110111011111101110111
1111111111011110101011011111111111001111111110111011111101101111
1111110111111011111101101011111011111110101111111101111100110111
1111111111111011111101111111111111101111111111111111101101011111
1111111111111011111111111111001101101111111010111011111101110111
1111111101111011111111111011101011101111111110111111111011111110
1111111111111011111111111011111001111111111010111001111101110111
1111111111111111011011111110111111011011011111111111101111010111
1111111111111010111111111011111011000101111010111001101111101111
1111111111111011111011011111111111011111111110111011100111100111
0111110111111011111101101001111011111111111111100111111111101111
1111111111111011111111111011111001111111111010111001111101110111
1111010111111011111101011011101001101111111010111011111101111111
1111111111111011111111111011111011111111100110111111101111111110
1111111111111011111111111011111011111111111111111111101101011110
1111111111011110101011011111111111001111111110111011111101111110
1111111111111011101111111011111011111111111110111111101111011101
0111111111111011111101111111001101111111111111111111101101011111
1101111111101111101111011011111011111111011110111001110111101110
1111111111111111101111011100111111111111001110111111110110111111
1011010111111011111101111011111011111110101111111111111100110101
1111111111111111101111011100111101101111111100111011111101110111
1111111111111111101111011100111101101111011111000111111111111110
1111100101111011111101101011111011111111011111111111101101011111
1111111111111011111111111011111011111011111110111111111111110111
1111101111111011111101111011111011111011011111111111101111011101
1010110111111011111101111011111011110011011111111111101111001111
1111111111111011111111111011111011111111111010111001111101110111
1111111110111011111111111011111011111111110111111111111100110111
1111111111011110111011111110111011111101111111000111111111111110
1111111111111011111111111011111011111111011111111111101101011111
1111111011111011111111101011111011111110101010111111111110101101
1111111111111011111111111011111011111111111111111111101101010111
1111111111111011111111111010111011111111111111111111111100110111
1111111111111001111101111011111011011011011111111111101110101111
1111111111111011111111111011111011111100001010111111111111010101
1111110111111010101011111111011011111011011111111111101111011101
0111111111011110101011111011111001111111101111011101111111011111
1111111111011110101011011111111011111110101111111111111100110101
1111111111111011111101111011101011101111111110111111111111111110
1111101111111011101111111011111111111111100110111111101111111110
1111111111111011111111111011111001101111111111011111101111101101
1111111111111111101111011100111101101111111111010011100001110110
1111111011011111111011111011111001111111111010111001111101110111
1111011111111110101111011100111101101111111010111001111101111111
1111111111110011111011111110111011111111111111000111101111011110
1111111111111011111111110011111011011011011111111111101110101111
1111010101111011111101111111111011101111111011111111111110101111
1111111111111011111111111011111011011011011111101111101110101111
1111111111111010111111111011111011111111111010111011111101110111
1111111111111010101111111110111111011011111111011111101111101101
1111111111111011111111111010111011111111111011111111101111101101
1111001111111011111111111011111111011111011111111111101110101111
1111111111111110111101111011111011101111111111111111101111101101
1111010111111111101111011110111101101111111110011011111101110111
1111010101111011111101111111111011101111111111111111111101011011
1111111111111011111101011111111111001111110110111011111101110111
1111111111111111111111011011111011111111111110111111111100110111
1111111111111011111111111011111011111111111010111001101111101111
1111101111111110101011111111111001111111111110111011101101110111
1111111111111011111111111011111011111110111111000111111111111110
1111010101101011111101111011111011111111110110111111111101100111
1111111101111011111101111011111111101111111010111001101111111110
