1101101111110011011000011010010111000010000011000100000010010000
1000011001100110001000000001111001010111001001001000101101101010
1011000101000001001101001010111100100011011111011101100010001111
1000110100111010000010000100000110111000000001001000001010110010
0110000011010010001001011000111100010000110101011111110100001011
0110001001100001000101111000110011101101100001011110001000010011
0101111001111010101111011110111110001001100110111111101101011110
1100111100000110010111010101001100011101110101010100010001110000
1011101110110101010010110110001101001011010100011100000111101000
1111101111110110110000011100001111001010110010010001110100101011
1110000011111101010010100001001110001001000101100101101100011111
0111111111101010000101010011001110010000001101110100111000111111
1010111001011110000011011111000000110101101101010000010101100011
0100110111100100100101001101100010011011110010011110110110000000
1010101111100010001111110011011000110001111010100100000110010101
0010110000011001100111001110100110001110101101100000001101000000
0100100110011000100111000110001111001110000011010010000101001100
1010010111101000000111101111000001100000111001001101000000110101
1111011011011110111110000010101011111011101100101110001000100010
1011001100111100100111111100110111010010000010111111100101111000
0001111010100111111110111001111001010011100010001000111100101011
1100101111100111011111000101011011111100101000000001011110111101
1110011010001010111010100011101111101101010101011101110100000101
0010110111100111100010000010011101111110111000100010000101110101
0010000100110011100011011111101000110011010000101101010001001101
1010011100111000110101111100001100001101110001001101101011100000
1010101001101011001110110111101000011011101100010001011010101111
0100111001011100000101011001011010100001000101111010101100011101
1110110001000110110100000000011100011001011101101011111000111110
0010101001011101001010001010001011010110100110101001101111101111
0000110101001100001010110011010101110001110001101010100001101110
0111101101101111110010001111010010111001010100000010111110010011
0001011000110010000001111111011010010101111001011000000101010101
0100000101010000000100000110100101001100101010101111010111001001
0100000111011110101001011011000110110011001010010101011001000110
1011001011011011111101001001000000000110110001011111110001010011
1100101010000011111010011010100010010010100010101010000011100000
0111100000010100111101001110011111100001011000111101111101110101
0001101011100010111001110110110100110011101011000010101110001101
0010110000110001110101011110100011010100011100011101000110101110
1001011001011011101010000001000101001000111101110011010100001100
0010100100101010111001011110110000010100001111000101001001101001
0101011010000111010010001010100011000111010001001000101110101000
1011001111110101010000100010101001101001000011001111010101110111
0010101101110101111100111000111010011001101111011111010101111101
1000110101111011110011001010101100001010011010111111011110000011
0100000000001100011110110001011111110001010100111101100010001001
1111001101110101111000110110111001000110100101100001011001001111
0000001010010101101100001010101011101111000110111000111101000011
1101101100100101110110011001110010101011110000001110111101100101
0110010101111001000001001000111011111010000100000001111101111111
1111100000111110001100111101000001110101110111101001100010100000
0000001101100011111001010011001011011110001111000100111000000111
1101111011111001101011001011000100011111011010111111111100110111
0110001010110001000101110011101110010011100001011001001101001110
1100000101000101101011011011000000010101001111010111000001101001
0101010101110100111101001100000010101001010100010101011100011000
1100010010101111110011101100010000011010110010110101110000100101
1111001101001101011111011101000011111011001001111000011010000111
0101100100101100001000101001110011101011011110010111101001010010
0111100011101100011001000000101001011000101101110010001110101110
0101000001011110100000111001101011010110001101001110011001010101
1001101010100001011010011110001001111001110011001100100100101101
0100010001001001100001011010000111100110111010001011111101110100
0000010000000011100001111011101001011111000100111011000000100010
0111010011011000101100100000111000001000000011000010100001110000
1101111001001101101011100111110001010101110001010101111110110101
0100101011111001001011000101010000001001010000101001111111011011
1010110000101000100011000010000000100101101100011100111000101000
1010110110111111100011111001111010111101100000010111110000001100
1010010001101100101000100101101011011001001010111000101100000000
0101001001101111111110101000111010111100011100011000010011111001
0011111110010010001101100010111010110111111101011011001110100111
1011011000011111001001011110010010000001100100011110001110001010
1110111101001100110011010000111010010110111101101011001010100011
1111110111101110101011001010000001000001111011011110110111100011
1000001101111111110100110010011001010111011110011101111001100110
0011010100100111101110010011101011111010100101111011111101101001
0100010111100010101010010010111010001101110110010110100100001100
0101000101000010101011111101000111101010101011100010111110001101
0100001011101001001010110101011000111001101111101010111001100101
1010110110101011111011011011011010101000001111110011100001110111
0111011010001101101100011111000010011111000111111011110011001011
1111001110001001110011001101110011010100001110011100010101111000
0010001110101011010011010000100100010010111000000000111001010100
1011101100000111101001101100100111110100011110011011001100010101
1001110110011101100101111011111001010000010110110001000010100000
0011110101101110011000100010001010011001000110000101111011000000
0011000010001110110111100111100010111001000001011100010010110101
1000100010010001101111101011000110100101100110000000000010000000
0001011010000111111000110000000001110111001000011110100100110101
0101100011101001001001100010000000100001000101011110100010011111
0010011001001011100110101010110100000110111100010101000100011011
1010110001000010110110111000111111111001100001010100111010001110
1000000110100010101011001000111110111000001011101010100000110011
1101110000001000010110110100000001011000011111010101001110010000
0001000110000100001010110101100110100110000100101001100010111001
0000000110111101111111010111000100010101111101011101110010000010
0011011100100100110011100001101000000100011001010001101010011111
0000110111000111000101001010000110100101111011110000001000010000
1000010000111101101101000111100100100111000101100101111110110000
0101011000111001001001001000001001110011011000110100111001011000
0111001010000111101110111000001011001110100110100001110100011000
1001101010110110110010000011010001001101000010100010011111110101
0100110000010011010011100011010100100011001011100011011011110100
1101111001111001101111010001110110000100000100000100011011011001
0110001100010110000001111011001011110011110101100000010010000010
1010100010000001000010100110110101101100010100010101100000110111
0111101011110010110011000101000010010011110100010000000100001001
1001010010000011110001101110100101011001101110010010110011111101
1101100100011010101010010011100011010101010001011000100101000000
0100001010001011011010110101110010000000101101111011011100101010
1001110110011100101101001000000100110101100001010100010011111001
1011010011100111100111100101110101010111111111000111110111010110
1000110110011110101111011001110001101001101100010010101110001101
1011011011110110111111010110001000011001011110000010000110000101
1111101001110111110001101001001101000110110111010011101111111100
1010100110100111100010001100110011111001110111110011000001011000
1010000101100101000101111010101001111111010001010100000000100010
1000011001000100001100100100001110001010011101010000111010000110
1100101100010011100110001010101001011101001010101101111101110100
0111100100010011010101001001111011010101001010111011110010100011
1111000110111111000011011110100010101110110000100011000101010000
0000001110010111101110111110111111000100101000111110100101000010
1100001011011011100001110000110011011100100011110001001001100010
1100001011110011000010100101010000110111010100100001001011110111
1001110010100111001100011100000100001000010110000010100011101111
0011001010100010100100110100110110010001001000000101100011011000
0100111011000100100011000100101100101001111111101000001110010101
1110011111010111101101111111000100010010010011111111110010011001
1001001101101010011001000001001101101111010111000000011101001110
0111100100010000001010111011111001111000010111101000100010100111
1010110000011011010011000110010100100010010101001000001011101100
1101010111111001101010011101100111001110010010101100011101010011
1100001011010100111011001000111011011011111000111111110100001101
0011111110000011001101011101101011101111111010000110110111110101
1101110000100000101101001010111000011100100111000101110001011010
0101001010111110110000011010101000001101011100001000010001011111
1101000111111000100000001101111000011110111011001110110000000110
0001100010001110110110001000101101111010110001001101101001011111
0100011000110111111101001100000000001100001000100001010111101110
0101100011110010100011011010111010110100010111011000010101000010
0010000001110101011110110001001001001110010000000101000110100110
1111111001100100110001011010101110100101111101011101100001001101
1111101010111110011010101011001110111001110000111101010111100010
0010010010100011010100110001101011101101111010101111111110100011
0110100111000111110001100111011111011100101000000111010111101110
0111101110001001001001100100100110110000000000011111010111111010
1100001001111001101001110000001000101010001001100010110101110000
0101110111100101100010101110100001111110001010001001101100100011
1101101111101101011110110001110101011000001111111001100100010110
0110000110111100000111111101111001001010111001110111110100010110
0000011110111101111111011011100000100111010101001111000100011110
1111110000101010100100100010011101001011110101000101110101010010
1111010111101000000110111011011001000001101101101010011001001110
1000111111110111100010001100010101110010001001101111010011110010
1000101010111011011001011101101101000111000110101001111110111001
0010111110011100110001101010111000010110000111011101111111010000
1010000001010101010011100000101111110000111101011110001110101010
0010001111101110110000011011100100001110010111011010011010011100
1001111010001100110011011100110110110011001010011101010001100001
0111010001000101100010110111111011000000011110000010000100110000
0111010001111101110111011110011010001010110110000000110100101100
0000011001011010000110101111010111100100010111000001101000111011
0000011000011000100101111000111110000000000101101111001000111100
1100101001110100101110011100100011011100101100100001001001111100
1101011100100010100100001101010100010101110100100100011101110100
1111001111111000101011101111001101101111111111010011100010111011
0101000100001100000111110010011000011001010001101000110101100011
1100010001010111001000011110010110110110100011100011111001110101
1000000011011010000110010100011111001110011100110101110110010101
1001101111100111111001011111001010011100111110010011101100101001
1000010100101101001110001100011010010000000000011111000010001010
0001101010000101101110010001010000010001000001000011011001000000
0110011101111101000000110101111111101101110001101110101001110001
1011111010101000001000110100011110001110010100001001111001011010
0001111011011010111000010111111111000110001100001101001110110101
0010101000100000111001101111011110111010000011010000010101001111
0000100101010011001100001010110110000001101110101101111011100110
0010100100101011010111110000111001001011010011000011100010111000
0000110100111100101011000010101010111001001000000010010010111100
0001010001111111110011010110101000111000011011111111101110101111
1011000100100111110101010100000111111100001101011001110110110010
1010000101101011110000100011100010101101010001111011110000000111
0011101111000011101011100001100000000111100000110001010110111111
1011111111100010110100011100010000111000100110110010010001011001
0001111000101000000110100011111001000011011101010000111101000000
1100110000010010011110001101000001000110101010000111000100010010
1010110111111011111101111011111111000101110100100010110111100110
1000001100011001111101010010110100011101011001010110101101000110
0111100111001010010000100111100111110000111100010001011010111011
0110010110100100111011110000011110111101110010011110111100001001
1101100000100000000000001000101101001001010001010110010111100100
1101001000000110110011001101010001000111011100011111111000010111
1100111100011011100001110000110011101010100110001101101100111100
1100000110111101010000001000111010001111000111110110001001011001
0001010000111011111000101100101101100111111111111101000100110111
1111010111011000001101111011001011100101101011111010010100110001
1010000111111010010100100110000001111011100111101111110101000001
1100000100110000110011101111000101111011101110110011101000001100
